Rigger: 232311132
RootBoneName: RootNode
GlobalModelTransform: [100, -0, 0, -0, -0, 100, -0, 0, 0, -0, 100, -0, -0, 0, -0, 1]
Bones:
  - BoneName: mixamorig_Head
    BoneID: 0
    BindTransform: [1, 0, 0, 0, 0, 1, 0, 0, 0, 0, 1, 0, 0, 5.99890137, -1.15895796, 1]
    MTransform: [1, 0, 0, 0, 0, 1, 0, 0, 0, 0, 1, 0, 0, 5.99890137, -1.15895796, 1]
    IsRealBone: true
    HasExplicitInverseBind: true
    InverseBindTransform: [1, 0, 0, 0, 0, 1, 0, 0, 0, 0, 1, 0, 0, -136.852783, 1.83984494, 1]
    Children:
      - BoneName: mixamorig_HeadTop_End
        BoneID: 53
  - BoneName: mixamorig_LeftHandPinky1
    BoneID: 1
    BindTransform: [0.997131646, -0.0756900087, -5.36441803e-07, 0, 0.0756839067, 0.997052968, 0.0124996742, 0, -0.000946201384, -0.0124636609, 0.999921858, 0, 2.49824142, 7.36169052, 0.028717041, 1]
    MTransform: [0.997131646, -0.0756900087, -5.36441803e-07, 0, 0.0756839067, 0.997052968, 0.0124996742, 0, -0.000946201384, -0.0124636609, 0.999921858, 0, 2.49824142, 7.36169052, 0.028717041, 1]
    IsRealBone: true
    HasExplicitInverseBind: true
    InverseBindTransform: [-0.103432998, 0.994397938, 0.021782998, 0, 0.108028002, 0.0330020003, -0.993600011, 0, -0.988751948, -0.100418001, -0.110836998, 0, -9.65328884, -67.4146194, 125.110466, 1]
    Children:
      - BoneName: mixamorig_LeftHandPinky2
        BoneID: 8
  - BoneName: mixamorig_LeftArm
    BoneID: 2
    BindTransform: [0.999866009, 0.0163747519, -2.27242708e-07, 0, -0.0156422798, 0.955146432, -0.295717746, 0, -0.00484249881, 0.295678169, 0.955275893, 0, 1.35563314e-05, 7.18972969, -0.000106811523, 1]
    MTransform: [0.999866009, 0.0163747519, -2.27242708e-07, 0, -0.0156422798, 0.955146432, -0.295717746, 0, -0.00484249881, 0.295678169, 0.955275893, 0, 1.35563314e-05, 7.18972969, -0.000106811523, 1]
    IsRealBone: true
    HasExplicitInverseBind: true
    InverseBindTransform: [0.0104630003, 0.999790013, -0.0176350009, 0, -0.0107739996, -0.0175219998, -0.999787986, 0, -0.99988699, 0.0106509989, 0.0105879996, 0, 0.552339017, -8.00069332, 127.642715, 1]
    Children:
      - BoneName: mixamorig_LeftForeArm
        BoneID: 3
  - BoneName: mixamorig_LeftForeArm
    BoneID: 3
    BindTransform: [0.999789, 0.0205482319, 2.4959445e-07, 0, -0.0205454975, 0.999641657, -0.0171923488, 0, -0.000352493487, 0.0171883833, 0.999851882, 0, -0.000130474567, 24.2036209, 0.000122070312, 1]
    MTransform: [0.999789, 0.0205482319, 2.4959445e-07, 0, -0.0205454975, 0.999641657, -0.0171923488, 0, -0.000352493487, 0.0171883833, 0.999851882, 0, -0.000130474567, 24.2036209, 0.000122070312, 1]
    IsRealBone: true
    HasExplicitInverseBind: true
    InverseBindTransform: [0.0310050007, 0.999518931, -0.000451, 0, -0.0111309988, -0.000105999992, -0.999938011, 0, -0.999457002, 0.0310079996, 0.0111229988, 0, -0.109497003, -34.3985214, 127.070045, 1]
    Children:
      - BoneName: mixamorig_LeftHand
        BoneID: 6
  - BoneName: mixamorig_LeftHandMiddle1
    BoneID: 4
    BindTransform: [0.999774456, 0.0212092809, -5.28991222e-07, 0, -0.0212082695, 0.999719381, -0.0105183143, 0, -0.000222250819, 0.0105159292, 0.999945045, 0, -0.824956894, 7.38264084, -0.104812622, 1]
    MTransform: [0.999774456, 0.0212092809, -5.28991222e-07, 0, -0.0212082695, 0.999719381, -0.0105183143, 0, -0.000222250819, 0.0105159292, 0.999945045, 0, -0.824956894, 7.38264084, -0.104812622, 1]
    IsRealBone: true
    HasExplicitInverseBind: true
    InverseBindTransform: [-0.00670199981, 0.998976946, 0.0447209962, 0, 0.111919001, 0.045189999, -0.992688954, 0, -0.993694961, -0.00164799998, -0.112107001, 0, -12.9641342, -69.1105347, 123.67141, 1]
    Children:
      - BoneName: mixamorig_LeftHandMiddle2
        BoneID: 11
  - BoneName: mixamorig_LeftHandRing1
    BoneID: 5
    BindTransform: [0.998834133, -0.0482662693, -1.1920929e-07, 0, 0.0481470898, 0.996382654, -0.0700200796, 0, 0.00337930769, 0.0699391514, 0.997545779, 0, 0.88780117, 7.53753281, 0.096321106, 1]
    MTransform: [0.998834133, -0.0482662693, -1.1920929e-07, 0, 0.0481470898, 0.996382654, -0.0700200796, 0, 0.00337930769, 0.0699391514, 0.997545779, 0, 0.88780117, 7.53753281, 0.096321106, 1]
    IsRealBone: true
    HasExplicitInverseBind: true
    InverseBindTransform: [-0.076082997, 0.991672933, 0.103903003, 0, 0.109234996, 0.111867994, -0.987700999, 0, -0.991100013, -0.0637980029, -0.116837002, 0, -9.92758465, -77.3069153, 119.069603, 1]
    Children:
      - BoneName: mixamorig_LeftHandRing2
        BoneID: 9
  - BoneName: mixamorig_LeftHand
    BoneID: 6
    BindTransform: [0.990770042, -0.0586990193, -0.122186273, 0, 0.0544507466, 0.997799695, -0.0378264934, 0, 0.124137118, 0.0308239721, 0.991785705, 0, 0.000105753541, 21.595089, 1.52587891e-05, 1]
    MTransform: [0.990770042, -0.0586990193, -0.122186273, 0, 0.0544507466, 0.997799695, -0.0378264934, 0, 0.124137118, 0.0308239721, 0.991785705, 0, 0.000105753541, 21.595089, 1.52587891e-05, 1]
    IsRealBone: true
    HasExplicitInverseBind: true
    InverseBindTransform: [-0.0278970003, 0.999024928, 0.0342109986, 0, 0.111156002, 0.0371120013, -0.993109941, 0, -0.993411005, -0.0239020009, -0.112083003, 0, -12.3479414, -60.6829491, 124.286751, 1]
    Children:
      - BoneName: mixamorig_LeftHandThumb1
        BoneID: 7
      - BoneName: mixamorig_LeftHandIndex1
        BoneID: 14
      - BoneName: mixamorig_LeftHandMiddle1
        BoneID: 4
      - BoneName: mixamorig_LeftHandRing1
        BoneID: 5
      - BoneName: mixamorig_LeftHandPinky1
        BoneID: 1
  - BoneName: mixamorig_LeftHandThumb1
    BoneID: 7
    BindTransform: [0.818952978, 0.57385999, -1.78813934e-07, 0, -0.537283123, 0.766755223, 0.351300865, 0, 0.201597631, -0.287698895, 0.936262548, 0, -2.14524269, 2.09822083, 1.10667419, 1]
    MTransform: [0.818952978, 0.57385999, -1.78813934e-07, 0, -0.537283123, 0.766755223, 0.351300865, 0, 0.201597631, -0.287698895, 0.936262548, 0, -2.14524269, 2.09822083, 1.10667419, 1]
    IsRealBone: true
    HasExplicitInverseBind: true
    InverseBindTransform: [0.550454021, 0.793014944, -0.261011988, 0, 0.112328991, -0.38014701, -0.918079972, 0, -0.827274024, 0.476041973, -0.298332006, 0, -44.3831749, 0.617214024, 131.334137, 1]
    Children:
      - BoneName: mixamorig_LeftHandThumb2
        BoneID: 18
  - BoneName: mixamorig_LeftHandPinky2
    BoneID: 8
    BindTransform: [0.999999821, -4.991889e-07, 4.24683094e-07, 0, -7.4505806e-09, 0.999758482, 0.0219949968, 0, 9.983778e-07, -0.0219948441, 0.99975872, 0, 0.000449180603, 2.48023987, -5.34057617e-05, 1]
    MTransform: [0.999999821, -4.991889e-07, 4.24683094e-07, 0, -7.4505806e-09, 0.999758482, 0.0219949968, 0, 9.983778e-07, -0.0219948441, 0.99975872, 0, 0.000449180603, 2.48023987, -5.34057617e-05, 1]
    IsRealBone: true
    HasExplicitInverseBind: true
    InverseBindTransform: [-0.103432998, 0.994635999, -9.39999954e-05, 0, 0.108029, 0.0111399991, -0.994085014, 0, -0.988751948, -0.10283199, -0.108600996, 0, -9.65386581, -67.1261368, 126.617523, 1]
    Children:
      - BoneName: mixamorig_LeftHandPinky3
        BoneID: 10
  - BoneName: mixamorig_LeftHandRing2
    BoneID: 9
    BindTransform: [0.999999702, 5.51342964e-07, -4.76837158e-07, 0, 9.68575478e-07, 0.996828973, 0.0795791596, 0, 1.04308128e-06, -0.0795798749, 0.996828139, 0, -0.00431060791, 2.84523773, -7.62939453e-06, 1]
    MTransform: [0.999999702, 5.51342964e-07, -4.76837158e-07, 0, 9.68575478e-07, 0.996828973, 0.0795791596, 0, 1.04308128e-06, -0.0795798749, 0.996828139, 0, -0.00431060791, 2.84523773, -7.62939453e-06, 1]
    IsRealBone: true
    HasExplicitInverseBind: true
    InverseBindTransform: [-0.0760840029, 0.996796012, 0.024656998, 0, 0.109236002, 0.032912001, -0.993470967, 0, -0.991100013, -0.0728930011, -0.111389995, 0, -9.92334175, -70.4223557, 125.070457, 1]
    Children:
      - BoneName: mixamorig_LeftHandRing3
        BoneID: 12
  - BoneName: mixamorig_LeftHandPinky3
    BoneID: 10
    BindTransform: [0.99999994, 3.87430191e-07, -1.05053186e-06, 0, 9.76026058e-07, 0.996627808, -0.0820589811, 0, 8.19563866e-08, 0.0820590481, 0.996627569, 0, 0.00144958496, 1.95106506, -7.62939453e-05, 1]
    MTransform: [0.99999994, 3.87430191e-07, -1.05053186e-06, 0, 9.76026058e-07, 0.996627808, -0.0820589811, 0, 8.19563866e-08, 0.0820590481, 0.996627569, 0, 0.00144958496, 1.95106506, -7.62939453e-05, 1]
    IsRealBone: true
    HasExplicitInverseBind: true
    InverseBindTransform: [-0.103433996, 0.99128896, 0.0815249979, 0, 0.108029, 0.0926759988, -0.989817917, 0, -0.988751948, -0.0935729966, -0.116673991, 0, -9.65524673, -79.2343292, 120.522141, 1]
    Children:
      - BoneName: mixamorig_LeftHandPinky4
        BoneID: 58
  - BoneName: mixamorig_LeftHandMiddle2
    BoneID: 11
    BindTransform: [1, 2.61701643e-07, 7.22706318e-07, 0, -6.14672899e-08, 0.994576752, 0.104001828, 0, -9.983778e-07, -0.104001187, 0.994576752, 0, -0.00185680389, 3.37952423, 7.62939453e-05, 1]
    MTransform: [1, 2.61701643e-07, 7.22706318e-07, 0, -6.14672899e-08, 0.994576752, 0.104001828, 0, -9.983778e-07, -0.104001187, 0.994576752, 0, -0.00185680389, 3.37952423, 7.62939453e-05, 1]
    IsRealBone: true
    HasExplicitInverseBind: true
    InverseBindTransform: [-0.00670199981, 0.998211026, -0.0594169982, 0, 0.111918002, -0.0582959987, -0.992006004, 0, -0.993694961, -0.0132980002, -0.111327, 0, -12.9621506, -59.2350082, 130.539825, 1]
    Children:
      - BoneName: mixamorig_LeftHandMiddle3
        BoneID: 13
  - BoneName: mixamorig_LeftHandRing3
    BoneID: 12
    BindTransform: [1.00000012, -6.03497028e-07, 8.34465027e-07, 0, -2.23517418e-08, 0.998378575, 0.0569134206, 0, -1.01327896e-06, -0.0569132864, 0.998379171, 0, 0.000791549683, 2.68094635, 3.81469727e-05, 1]
    MTransform: [1.00000012, -6.03497028e-07, 8.34465027e-07, 0, -2.23517418e-08, 0.998378575, 0.0569134206, 0, -1.01327896e-06, -0.0569132864, 0.998379171, 0, 0.000791549683, 2.68094635, 3.81469727e-05, 1]
    IsRealBone: true
    HasExplicitInverseBind: true
    InverseBindTransform: [-0.0760840029, 0.996583998, -0.0321139991, 0, 0.109234996, -0.0236829985, -0.993733943, 0, -0.991100013, -0.0791150033, -0.10706, 0, -9.92400455, -65.8666916, 129.02829, 1]
    Children:
      - BoneName: mixamorig_LeftHandRing4
        BoneID: 57
  - BoneName: mixamorig_LeftHandMiddle3
    BoneID: 13
    BindTransform: [1.00000012, -7.05942512e-07, -3.65078449e-07, 0, 1.86264515e-09, 0.990106225, -0.140326262, 0, -1.49011612e-08, 0.140325904, 0.990105271, 0, 0.00557041168, 3.19089508, 0, 1]
    MTransform: [1.00000012, -7.05942512e-07, -3.65078449e-07, 0, 1.86264515e-09, 0.990106225, -0.140326262, 0, -1.49011612e-08, 0.140325904, 0.990105271, 0, 0.00557041168, 3.19089508, 0, 1]
    IsRealBone: true
    HasExplicitInverseBind: true
    InverseBindTransform: [-0.00670199981, 0.996670961, 0.0812460035, 0, 0.111918002, 0.0814850032, -0.990370989, 0, -0.993694961, 0.00245500007, -0.112091996, 0, -12.9677191, -80.1262741, 120.488197, 1]
    Children:
      - BoneName: mixamorig_LeftHandMiddle4
        BoneID: 56
  - BoneName: mixamorig_LeftHandIndex1
    BoneID: 14
    BindTransform: [0.993966699, 0.109676749, -9.08970833e-07, 0, -0.10962677, 0.993515611, 0.0301182624, 0, 0.0033044517, -0.0299363639, 0.999546349, 0, -2.56111145, 7.10006332, 0.0485687256, 1]
    MTransform: [0.993966699, 0.109676749, -9.08970833e-07, 0, -0.10962677, 0.993515611, 0.0301182624, 0, 0.0033044517, -0.0299363639, 0.999546349, 0, -2.56111145, 7.10006332, 0.0485687256, 1]
    IsRealBone: true
    HasExplicitInverseBind: true
    InverseBindTransform: [0.0818409994, 0.996636927, 0.00419599982, 0, 0.114556998, -0.00522499951, -0.993403018, 0, -0.990039945, 0.0817819983, -0.114598997, 0, -17.1621571, -62.5288429, 126.17865, 1]
    Children:
      - BoneName: mixamorig_LeftHandIndex2
        BoneID: 15
  - BoneName: mixamorig_LeftHandIndex2
    BoneID: 15
    BindTransform: [1.00000024, -5.96046448e-07, 3.05473804e-07, 0, -1.49011612e-08, 0.99986738, 0.0163313542, 0, -1.00582838e-06, -0.0163305122, 0.999867141, 0, -0.000450134277, 3.00001907, -2.28881836e-05, 1]
    MTransform: [1.00000024, -5.96046448e-07, 3.05473804e-07, 0, -1.49011612e-08, 0.99986738, 0.0163313542, 0, -1.00582838e-06, -0.0163305122, 0.999867141, 0, -0.000450134277, 3.00001907, -2.28881836e-05, 1]
    IsRealBone: true
    HasExplicitInverseBind: true
    InverseBindTransform: [0.0818409994, 0.996572018, -0.0120809991, 0, 0.114555992, -0.0214469973, -0.993184924, 0, -0.990039945, 0.0798989981, -0.115918994, 0, -17.1615772, -63.459549, 127.231979, 1]
    Children:
      - BoneName: mixamorig_LeftHandIndex3
        BoneID: 16
  - BoneName: mixamorig_LeftHandIndex3
    BoneID: 16
    BindTransform: [0.99999994, 7.4505806e-09, 1.2665987e-07, 0, 0, 0.999971151, -0.00754251983, 0, 1.49011612e-08, 0.00754178315, 0.999970913, 0, 0.000453948975, 2.74865723, 6.86645508e-05, 1]
    MTransform: [0.99999994, 7.4505806e-09, 1.2665987e-07, 0, 0, 0.999971151, -0.00754251983, 0, 1.49011612e-08, 0.00754178315, 0.999970913, 0, 0.000453948975, 2.74865723, 6.86645508e-05, 1]
    IsRealBone: true
    HasExplicitInverseBind: true
    InverseBindTransform: [0.0818409994, 0.99663502, -0.00456399983, 0, 0.114555992, -0.0139559992, -0.993318915, 0, -0.990039945, 0.0807709992, -0.115313001, 0, -17.1620331, -67.1658859, 126.728989, 1]
    Children:
      - BoneName: mixamorig_LeftHandIndex4
        BoneID: 55
  - BoneName: mixamorig_LeftHandThumb3
    BoneID: 17
    BindTransform: [0.999999881, -1.1920929e-07, -1.1920929e-07, 0, 5.96046448e-08, 0.999218285, -0.0395252109, 0, 0, 0.039525941, 0.999218166, 0, 0.0501060486, 3.10549545, 3.05175781e-05, 1]
    MTransform: [0.999999881, -1.1920929e-07, -1.1920929e-07, 0, 5.96046448e-08, 0.999218285, -0.0395252109, 0, 0, 0.039525941, 0.999218166, 0, 0.0501060486, 3.10549545, 3.05175781e-05, 1]
    IsRealBone: true
    HasExplicitInverseBind: true
    InverseBindTransform: [0.550454021, 0.815218925, -0.180049986, 0, 0.112328991, -0.286022007, -0.951615989, 0, -0.827274024, 0.503596008, -0.249015003, 0, -43.991066, -18.1864452, 130.356262, 1]
    Children:
      - BoneName: mixamorig_LeftHandThumb4
        BoneID: 54
  - BoneName: mixamorig_LeftHandThumb2
    BoneID: 18
    BindTransform: [1.00000012, -3.27825546e-07, 0, 0, -8.94069672e-08, 0.998136878, -0.0610257983, 0, 0, 0.0610255301, 0.998136878, 0, -0.442211151, 2.5202961, -9.15527344e-05, 1]
    MTransform: [1.00000012, -3.27825546e-07, 0, 0, -8.94069672e-08, 0.998136878, -0.0610257983, 0, 0, 0.0610255301, 0.998136878, 0, -0.442211151, 2.5202961, -9.15527344e-05, 1]
    IsRealBone: true
    HasExplicitInverseBind: true
    InverseBindTransform: [0.550454021, 0.807464957, -0.212130979, 0, 0.112328991, -0.323412001, -0.939567029, 0, -0.827274024, 0.493360013, -0.268725008, 0, -43.9409599, -9.9142704, 130.973236, 1]
    Children:
      - BoneName: mixamorig_LeftHandThumb3
        BoneID: 17
  - BoneName: mixamorig_RightHand
    BoneID: 19
    BindTransform: [0.992196739, 0.0614060126, 0.108515024, 0, -0.0571128204, 0.99747318, -0.0422424674, 0, -0.110835962, 0.0357151255, 0.993197024, 0, 0.000115096569, 21.5955925, -5.34057617e-05, 1]
    MTransform: [0.992196739, 0.0614060126, 0.108515024, 0, -0.0571128204, 0.99747318, -0.0422424674, 0, -0.110835962, 0.0357151255, 0.993197024, 0, 0.000115096569, 21.5955925, -5.34057617e-05, 1]
    IsRealBone: true
    HasExplicitInverseBind: true
    InverseBindTransform: [-0.0297769997, -0.998800933, -0.0388710015, 0, -0.100815989, 0.0416910015, -0.994030952, 0, 0.994458973, -0.02568, -0.101935998, 0, 10.9440041, -61.252121, 124.138985, 1]
    Children:
      - BoneName: mixamorig_RightHandThumb1
        BoneID: 34
      - BoneName: mixamorig_RightHandIndex1
        BoneID: 31
      - BoneName: mixamorig_RightHandMiddle1
        BoneID: 22
      - BoneName: mixamorig_RightHandRing1
        BoneID: 23
      - BoneName: mixamorig_RightHandPinky1
        BoneID: 24
  - BoneName: mixamorig_RightArm
    BoneID: 20
    BindTransform: [0.999985278, -0.00532655325, 1.2293458e-07, 0, 0.0050874711, 0.955233693, -0.295805186, 0, 0.00157501735, 0.295800775, 0.95524776, 0, 6.26631081e-05, 7.18967438, 4.57763672e-05, 1]
    MTransform: [0.999985278, -0.00532655325, 1.2293458e-07, 0, 0.0050874711, 0.955233693, -0.295805186, 0, 0.00157501735, 0.295800775, 0.95524776, 0, 6.26631081e-05, 7.18967438, 4.57763672e-05, 1]
    IsRealBone: true
    HasExplicitInverseBind: true
    InverseBindTransform: [0.00642899983, -0.999824941, 0.0175719988, 0, 0.0073210001, -0.0175250005, -0.999819994, 0, 0.999952972, 0.0065569994, 0.00720700016, 0, -0.219696999, -8.0039978, 127.643166, 1]
    Children:
      - BoneName: mixamorig_RightForeArm
        BoneID: 21
  - BoneName: mixamorig_RightForeArm
    BoneID: 21
    BindTransform: [0.999678075, -0.0253852066, 1.32713467e-07, 0, 0.0253817607, 0.999529362, -0.0172267668, 0, 0.000437796582, 0.0172214806, 0.999852002, 0, -3.78042459e-05, 24.2027588, -7.62939453e-06, 1]
    MTransform: [0.999678075, -0.0253852066, 1.32713467e-07, 0, 0.0253817607, 0.999529362, -0.0172267668, 0, 0.000437796582, 0.0172214806, 0.999852002, 0, -3.78042459e-05, 24.2027588, -7.62939453e-06, 1]
    IsRealBone: true
    HasExplicitInverseBind: true
    InverseBindTransform: [0.0318080001, -0.999494016, 0.000353999989, 0, 0.00776399951, -0.000107, -0.999970019, 0, 0.999463916, 0.0318100005, 0.00775599992, 0, 0.597935975, -34.3960915, 127.069466, 1]
    Children:
      - BoneName: mixamorig_RightHand
        BoneID: 19
  - BoneName: mixamorig_RightHandMiddle1
    BoneID: 22
    BindTransform: [0.999419987, -0.0340469033, -2.5331974e-07, 0, 0.0340457112, 0.99936676, 0.0103368172, 0, -0.000350914896, -0.0103310533, 0.999946713, 0, 0.836014748, 7.26278305, -0.11013031, 1]
    MTransform: [0.999419987, -0.0340469033, -2.5331974e-07, 0, 0.0340457112, 0.99936676, 0.0103368172, 0, -0.000350914896, -0.0103310533, 0.999946713, 0, 0.836014748, 7.26278305, -0.11013031, 1]
    IsRealBone: true
    HasExplicitInverseBind: true
    InverseBindTransform: [0.00424699998, -0.999584019, -0.0285400003, 0, -0.102175996, 0.0279569998, -0.994373024, 0, 0.994756997, 0.00713900011, -0.102014996, 0, 12.434763, -66.8430328, 124.946724, 1]
    Children:
      - BoneName: mixamorig_RightHandMiddle2
        BoneID: 29
  - BoneName: mixamorig_RightHandRing1
    BoneID: 23
    BindTransform: [0.999830246, 0.0184256509, 4.24683094e-07, 0, -0.0184229221, 0.999710083, -0.015518439, 0, -0.000286228955, 0.0155157214, 0.999879122, 0, -0.985290527, 7.49270248, -0.0188064575, 1]
    MTransform: [0.999830246, 0.0184256509, 4.24683094e-07, 0, -0.0184229221, 0.999710083, -0.015518439, 0, -0.000286228955, 0.0155157214, 0.999879122, 0, -0.985290527, 7.49270248, -0.0188064575, 1]
    IsRealBone: true
    HasExplicitInverseBind: true
    InverseBindTransform: [-0.0481749997, -0.997358978, -0.0543549992, 0, -0.100031003, 0.0589619949, -0.993236005, 0, 0.993816972, -0.0424119979, -0.102606989, 0, 10.6606722, -70.8713684, 123.072861, 1]
    Children:
      - BoneName: mixamorig_RightHandRing2
        BoneID: 25
  - BoneName: mixamorig_RightHandPinky1
    BoneID: 24
    BindTransform: [0.996840358, 0.0794203952, 3.35276127e-07, 0, -0.0794003084, 0.996604443, -0.0218299869, 0, -0.00173417479, 0.0217610206, 0.999761701, 0, -2.41781616, 7.44187546, 0.0910491943, 1]
    MTransform: [0.996840358, 0.0794203952, 3.35276127e-07, 0, -0.0794003084, 0.996604443, -0.0218299869, 0, -0.00173417479, 0.0217610206, 0.999761701, 0, -2.41781616, 7.44187546, 0.0910491943, 1]
    IsRealBone: true
    HasExplicitInverseBind: true
    InverseBindTransform: [-0.109006993, -0.992194951, -0.0605450012, 0, -0.0971869901, 0.0712540001, -0.992712021, 0, 0.989278913, -0.102328993, -0.104194999, 0, 7.8640542, -72.2295532, 122.500359, 1]
    Children:
      - BoneName: mixamorig_RightHandPinky2
        BoneID: 26
  - BoneName: mixamorig_RightHandRing2
    BoneID: 25
    BindTransform: [1, 4.88013029e-07, -2.90572643e-07, 0, -4.47034836e-08, 0.999923646, 0.0123755634, 0, 1.01327896e-06, -0.0123752216, 0.999922991, 0, 0.00139427185, 2.81546783, 7.62939453e-06, 1]
    MTransform: [1, 4.88013029e-07, -2.90572643e-07, 0, -4.47034836e-08, 0.999923646, 0.0123755634, 0, 1.01327896e-06, -0.0123752216, 0.999922991, 0, 0.00139427185, 2.81546783, 7.62939453e-06, 1]
    IsRealBone: true
    HasExplicitInverseBind: true
    InverseBindTransform: [-0.0481749997, -0.997955024, -0.0420079976, 0, -0.10002999, 0.046666, -0.993889987, 0, 0.993816972, -0.0436789989, -0.10207399, 0, 10.6591454, -72.1581268, 123.975357, 1]
    Children:
      - BoneName: mixamorig_RightHandRing3
        BoneID: 28
  - BoneName: mixamorig_RightHandPinky2
    BoneID: 26
    BindTransform: [1.00000012, -5.21540642e-07, -2.30967999e-07, 0, -1.49011612e-08, 0.997678638, 0.0680939406, 0, 9.983778e-07, -0.0680938065, 0.997678757, 0, -0.000780105591, 2.44927979, 7.62939453e-06, 1]
    MTransform: [1.00000012, -5.21540642e-07, -2.30967999e-07, 0, -1.49011612e-08, 0.997678638, 0.0680939406, 0, 9.983778e-07, -0.0680938065, 0.997678757, 0, -0.000780105591, 2.44927979, 7.62939453e-06, 1]
    IsRealBone: true
    HasExplicitInverseBind: true
    InverseBindTransform: [-0.109006993, -0.994014919, 0.00715799956, 0, -0.0971859992, 0.00349099981, -0.99526, 0, 0.989278913, -0.109186001, -0.0969849974, 0, 7.86470509, -66.1640015, 127.301224, 1]
    Children:
      - BoneName: mixamorig_RightHandPinky3
        BoneID: 27
  - BoneName: mixamorig_RightHandPinky3
    BoneID: 27
    BindTransform: [0.999999881, 7.67409801e-07, 6.33299351e-07, 0, -8.19563866e-07, 0.985556722, -0.169343069, 0, -1.14738941e-06, 0.169342875, 0.985556483, 0, -0.00635480881, 1.96600342, 6.86645508e-05, 1]
    MTransform: [0.999999881, 7.67409801e-07, 6.33299351e-07, 0, -8.19563866e-07, 0.985556722, -0.169343069, 0, -1.14738941e-06, 0.169342875, 0.985556483, 0, -0.00635480881, 1.96600342, 6.86645508e-05, 1]
    IsRealBone: true
    HasExplicitInverseBind: true
    InverseBindTransform: [-0.109007992, -0.980871022, -0.161274999, 0, -0.0971869901, 0.171981007, -0.980295002, 0, 0.989278913, -0.0911859944, -0.11407499, 0, 7.87111902, -88.7036133, 113.925293, 1]
    Children:
      - BoneName: mixamorig_RightHandPinky4
        BoneID: 63
  - BoneName: mixamorig_RightHandRing3
    BoneID: 28
    BindTransform: [0.999999881, -4.47034836e-07, 6.40749931e-07, 0, 3.7252903e-08, 0.999907792, 0.0136018824, 0, -9.76026058e-07, -0.0136027578, 0.999908149, 0, 2.86102295e-06, 2.73583221, -7.62939453e-05, 1]
    MTransform: [0.999999881, -4.47034836e-07, 6.40749931e-07, 0, 3.7252903e-08, 0.999907792, 0.0136018824, 0, -9.76026058e-07, -0.0136027578, 0.999908149, 0, 2.86102295e-06, 2.73583221, -7.62939453e-05, 1]
    IsRealBone: true
    HasExplicitInverseBind: true
    InverseBindTransform: [-0.0481749997, -0.998433948, -0.0284299981, 0, -0.100031003, 0.0331419967, -0.994431973, 0, 0.993816972, -0.0450630002, -0.101470992, 0, 10.6592741, -73.2005844, 124.982582, 1]
    Children:
      - BoneName: mixamorig_RightHandRing4
        BoneID: 62
  - BoneName: mixamorig_RightHandMiddle2
    BoneID: 29
    BindTransform: [0.999999881, -2.73343176e-07, -2.23517418e-08, 0, -3.20142135e-10, 0.997773647, 0.0666901842, 0, 7.4505806e-09, -0.0666899681, 0.997773409, 0, 0.00928401947, 3.31105804, 3.81469727e-05, 1]
    MTransform: [0.999999881, -2.73343176e-07, -2.23517418e-08, 0, -3.20142135e-10, 0.997773647, 0.0666901842, 0, 7.4505806e-09, -0.0666899681, 0.997773409, 0, 0.00928401947, 3.31105804, 3.81469727e-05, 1]
    IsRealBone: true
    HasExplicitInverseBind: true
    InverseBindTransform: [0.00424699998, -0.999261975, 0.0381859988, 0, -0.102175996, -0.0384199992, -0.994023979, 0, 0.994756997, 0.000319999963, -0.102264002, 0, 12.4254799, -61.6652184, 129.347153, 1]
    Children:
      - BoneName: mixamorig_RightHandMiddle3
        BoneID: 30
  - BoneName: mixamorig_RightHandMiddle3
    BoneID: 30
    BindTransform: [0.99999994, 3.50031769e-07, 3.50177288e-07, 0, -1.1920929e-07, 0.996600628, 0.0823896974, 0, -9.90927219e-07, -0.0823900923, 0.99660027, 0, 2.47955322e-05, 3.18922043, -7.62939453e-05, 1]
    MTransform: [0.99999994, 3.50031769e-07, 3.50177288e-07, 0, -1.1920929e-07, 0.996600628, 0.0823896974, 0, -9.90927219e-07, -0.0823900923, 0.99660027, 0, 2.47955322e-05, 3.18922043, -7.62939453e-05, 1]
    IsRealBone: true
    HasExplicitInverseBind: true
    InverseBindTransform: [0.00424699998, -0.992717922, 0.120384999, 0, -0.102176994, -0.120186992, -0.987478912, 0, 0.994756997, -0.00810700003, -0.101942994, 0, 12.4255762, -53.9769745, 134.250732, 1]
    Children:
      - BoneName: mixamorig_RightHandMiddle4
        BoneID: 61
  - BoneName: mixamorig_RightHandIndex1
    BoneID: 31
    BindTransform: [0.991840124, -0.127479747, 5.66244125e-07, 0, 0.127404183, 0.991252601, 0.0344603173, 0, -0.00439272821, -0.0341794752, 0.999405622, 0, 2.56688404, 7.10509872, 0.0395050049, 1]
    MTransform: [0.991840124, -0.127479747, 5.66244125e-07, 0, 0.127404183, 0.991252601, 0.0344603173, 0, -0.00439272821, -0.0341794752, 0.999405622, 0, 2.56688404, 7.10509872, 0.0395050049, 1]
    IsRealBone: true
    HasExplicitInverseBind: true
    InverseBindTransform: [0.097792998, -0.995195985, -0.00457900017, 0, -0.105308004, -0.00577299995, -0.994422972, 0, 0.98961997, 0.0977300033, -0.10536699, 0, 17.0229149, -62.4153786, 126.325394, 1]
    Children:
      - BoneName: mixamorig_RightHandIndex2
        BoneID: 32
  - BoneName: mixamorig_RightHandIndex2
    BoneID: 32
    BindTransform: [1, 3.65078449e-07, -5.58793545e-07, 0, -7.4505806e-09, 0.999158025, 0.0410141274, 0, 7.4505806e-09, -0.0410136282, 0.999159217, 0, -0.000942230225, 2.94918823, -6.86645508e-05, 1]
    MTransform: [1, 3.65078449e-07, -5.58793545e-07, 0, -7.4505806e-09, 0.999158025, 0.0410141274, 0, 7.4505806e-09, -0.0410136282, 0.999159217, 0, -0.000942230225, 2.94918823, -6.86645508e-05, 1]
    IsRealBone: true
    HasExplicitInverseBind: true
    InverseBindTransform: [0.097792998, -0.994547009, 0.0362420008, 0, -0.105308004, -0.0465530008, -0.993348956, 0, 0.98961997, 0.0933260024, -0.109286003, 0, 17.023859, -60.1285591, 128.899979, 1]
    Children:
      - BoneName: mixamorig_RightHandIndex3
        BoneID: 33
  - BoneName: mixamorig_RightHandIndex3
    BoneID: 33
    BindTransform: [1.00000012, -5.96046448e-07, -2.23517418e-07, 0, 0, 0.992926657, -0.118731111, 0, 0, 0.118730448, 0.99292624, 0, -0.00556945801, 2.80164337, -3.05175781e-05, 1]
    MTransform: [1.00000012, -5.96046448e-07, -2.23517418e-07, 0, 0, 0.992926657, -0.118731111, 0, 0, 0.118730448, 0.99292624, 0, -0.00556945801, 2.80164337, -3.05175781e-05, 1]
    IsRealBone: true
    HasExplicitInverseBind: true
    InverseBindTransform: [0.097792998, -0.991814911, -0.0820979923, 0, -0.105308004, 0.0717170015, -0.991850019, 0, 0.98961997, 0.105641991, -0.0974320024, 0, 17.0294285, -77.7893982, 120.516464, 1]
    Children:
      - BoneName: mixamorig_RightHandIndex4
        BoneID: 60
  - BoneName: mixamorig_RightHandThumb1
    BoneID: 34
    BindTransform: [0.81886822, -0.573980451, -9.01520252e-07, 0, 0.534275413, 0.762223244, 0.365466565, 0, -0.209770083, -0.299269944, 0.930824518, 0, 2.16537094, 2.1352272, 1.17450714, 1]
    MTransform: [0.81886822, -0.573980451, -9.01520252e-07, 0, 0.534275413, 0.762223244, 0.365466565, 0, -0.209770083, -0.299269944, 0.930824518, 0, 2.16537094, 2.1352272, 1.17450714, 1]
    IsRealBone: true
    HasExplicitInverseBind: true
    InverseBindTransform: [0.548909009, -0.791423917, 0.26897499, 0, -0.106484003, -0.385371, -0.916596949, 0, 0.829071939, 0.474486977, -0.295807004, 0, 43.5715561, 1.31435299, 131.586746, 1]
    Children:
      - BoneName: mixamorig_RightHandThumb2
        BoneID: 35
  - BoneName: mixamorig_RightHandThumb2
    BoneID: 35
    BindTransform: [1.00000012, 6.55651093e-07, 5.36441803e-07, 0, 8.94069672e-08, 0.997243702, -0.0741982013, 0, -1.49011612e-08, 0.0741989613, 0.997243643, 0, 0.437988281, 2.57093549, -4.57763672e-05, 1]
    MTransform: [1.00000012, 6.55651093e-07, 5.36441803e-07, 0, 8.94069672e-08, 0.997243702, -0.0741982013, 0, -1.49011612e-08, 0.0741989613, 0.997243643, 0, 0.437988281, 2.57093549, -4.57763672e-05, 1]
    IsRealBone: true
    HasExplicitInverseBind: true
    InverseBindTransform: [0.548909009, -0.809199989, 0.209510982, 0, -0.106484003, -0.316298008, -0.942664027, 0, 0.829071939, 0.495126992, -0.25978601, 0, 43.1335678, -11.0167303, 131.130798, 1]
    Children:
      - BoneName: mixamorig_RightHandThumb3
        BoneID: 36
  - BoneName: mixamorig_RightHandThumb3
    BoneID: 36
    BindTransform: [1.00000012, -5.66244125e-07, -8.64267349e-07, 0, 2.38418579e-07, 0.999827862, -0.0185620785, 0, 9.38773155e-07, 0.0185607448, 0.999827504, 0, -0.0520858765, 3.05935192, 7.62939453e-05, 1]
    MTransform: [1.00000012, -5.66244125e-07, -8.64267349e-07, 0, 2.38418579e-07, 0.999827862, -0.0185620785, 0, 9.38773155e-07, 0.0185607448, 0.999827504, 0, -0.0520858765, 3.05935192, 7.62939453e-05, 1]
    IsRealBone: true
    HasExplicitInverseBind: true
    InverseBindTransform: [0.548909009, -0.812948942, 0.194454983, 0, -0.106482998, -0.298747003, -0.94837302, 0, 0.829071939, 0.499863982, -0.250550002, 0, 43.1855316, -16.5075302, 130.846924, 1]
    Children:
      - BoneName: mixamorig_RightHandThumb4
        BoneID: 59
  - BoneName: mixamorig_Neck
    BoneID: 37
    BindTransform: [1, 0, 0, 0, 0, 0.999984026, 0.00565500045, 0, 0, -0.00565500045, 0.999984026, 0, 0, 8.46870422, -5.03174961e-05, 1]
    MTransform: [1, 0, 0, 0, 0, 0.999984026, 0.00565500045, 0, 0, -0.00565500045, 0.999984026, 0, 0, 8.46870422, -5.03174961e-05, 1]
    IsRealBone: true
    HasExplicitInverseBind: true
    InverseBindTransform: [1, 0, 0, 0, 0, 1, 0, 0, 0, 0, 1, 0, 0, -130.853882, 0.680886984, 1]
    Children:
      - BoneName: mixamorig_Head
        BoneID: 0
  - BoneName: mixamorig_Spine2
    BoneID: 38
    BindTransform: [1, 0, 0, 0, 0, 1, 4.65661287e-10, 0, 0, -4.65661287e-10, 1, 0, 0, 7.52774811, -4.84287739e-08, 1]
    MTransform: [1, 0, 0, 0, 0, 1, 4.65661287e-10, 0, 0, -4.65661287e-10, 1, 0, 0, 7.52774811, -4.84287739e-08, 1]
    IsRealBone: true
    HasExplicitInverseBind: true
    InverseBindTransform: [1, 0, 0, 0, 0, 0.999984026, 0.00565499999, 0, 0, -0.00565499999, 0.999984026, 0, 0, -122.386925, -0.0591530018, 1]
    Children:
      - BoneName: mixamorig_Neck
        BoneID: 37
      - BoneName: mixamorig_LeftShoulder
        BoneID: 40
      - BoneName: mixamorig_RightShoulder
        BoneID: 48
  - BoneName: mixamorig_Spine1
    BoneID: 39
    BindTransform: [1, 0, 0, 0, 0, 1, 4.65661287e-10, 0, 0, -4.65661287e-10, 1, 0, 0, 6.58678436, -9.72300768e-07, 1]
    MTransform: [1, 0, 0, 0, 0, 1, 4.65661287e-10, 0, 0, -4.65661287e-10, 1, 0, 0, 6.58678436, -9.72300768e-07, 1]
    IsRealBone: true
    HasExplicitInverseBind: true
    InverseBindTransform: [1, 0, 0, 0, 0, 0.999984026, 0.00565499999, 0, 0, -0.00565499999, 0.999984026, 0, 0, -114.859169, -0.0591530018, 1]
    Children:
      - BoneName: mixamorig_Spine2
        BoneID: 38
  - BoneName: mixamorig_LeftShoulder
    BoneID: 40
    BindTransform: [-0.00509197731, -2.07964331e-06, -0.999987185, 0, 0.949904025, -0.312506169, -0.00483632693, 0, -0.312501669, -0.949915648, 0.00159324845, 0, 3.41459775, 7.34333801, -0.017490577, 1]
    MTransform: [-0.00509197731, -2.07964331e-06, -0.999987185, 0, 0.949904025, -0.312506169, -0.00483632693, 0, -0.312501669, -0.949915648, 0.00159324845, 0, 3.41459775, 7.34333801, -0.017490577, 1]
    IsRealBone: true
    HasExplicitInverseBind: true
    InverseBindTransform: [-0.00509200012, 0.949903011, -0.312501997, 0, -0.005657, -0.312528014, -0.949891925, 0, -0.999970973, -0.00306899985, 0.00696499972, 0, 0.0593179986, 37.298111, 124.299873, 1]
    Children:
      - BoneName: mixamorig_LeftArm
        BoneID: 2
  - BoneName: mixamorig_Spine
    BoneID: 41
    BindTransform: [1, 0, 0, 0, 0, 0.999983966, -0.00565499999, 0, 0, 0.00565499999, 0.999983966, 0, 0, 5.64572906, -0.0318862796, 1]
    MTransform: [1, 0, 0, 0, 0, 0.999983966, -0.00565499999, 0, 0, 0.00565499999, 0.999983966, 0, 0, 5.64572906, -0.0318862796, 1]
    IsRealBone: true
    HasExplicitInverseBind: true
    InverseBindTransform: [1, 0, 0, 0, 0, 0.999984026, 0.00565499999, 0, 0, -0.00565499999, 0.999984026, 0, 0, -108.272385, -0.0591540001, 1]
    Children:
      - BoneName: mixamorig_Spine1
        BoneID: 39
  - BoneName: mixamorig_Hips
    BoneID: 42
    BindTransform: [1, 0, 0, 0, 0, 1, 0, 0, 0, 0, 1, 0, 0, 102.625259, -0.521241009, 1]
    MTransform: [1, 0, 0, 0, 0, 1, 0, 0, 0, 0, 1, 0, 0, 102.625259, -0.521241009, 1]
    IsRealBone: true
    HasExplicitInverseBind: true
    InverseBindTransform: [1, 0, 0, 0, 0, 1, 0, 0, 0, 0, 1, 0, 0, -102.625267, 0.521241009, 1]
    Children:
      - BoneName: mixamorig_Spine
        BoneID: 41
      - BoneName: mixamorig_LeftUpLeg
        BoneID: 43
      - BoneName: mixamorig_RightUpLeg
        BoneID: 44
  - BoneName: mixamorig_LeftUpLeg
    BoneID: 43
    BindTransform: [-0.997839212, -0.0656970143, 0.00102434144, 0, 0.065704979, -0.997717679, 0.0155563159, 0, -3.85102027e-07, 0.0155906705, 0.999879003, 0, 6.62016201, -8.81685638, -0.447142303, 1]
    MTransform: [-0.997839212, -0.0656970143, 0.00102434144, 0, 0.065704979, -0.997717679, 0.0155563159, 0, -3.85102027e-07, 0.0155906705, 0.999879003, 0, 6.62016201, -8.81685638, -0.447142303, 1]
    IsRealBone: true
    HasExplicitInverseBind: true
    InverseBindTransform: [-0.997838974, 0.0657050014, 0, 0, -0.0656969994, -0.997717977, 0.01559, 0, 0.001024, 0.0155570004, 0.999877989, 0, 12.7697783, 93.1744232, -0.494208008, 1]
    Children:
      - BoneName: mixamorig_LeftLeg
        BoneID: 45
  - BoneName: mixamorig_RightUpLeg
    BoneID: 44
    BindTransform: [-0.997838378, 0.0657093376, -0.000468913495, 0, -0.0657106861, -0.997813702, 0.00712057576, 0, -1.26165062e-07, 0.00713542895, 0.999974072, 0, -6.62021732, -8.81680298, -0.447199404, 1]
    MTransform: [-0.997838378, 0.0657093376, -0.000468913495, 0, -0.0657106861, -0.997813702, 0.00712057576, 0, -1.26165062e-07, 0.00713542895, 0.999974072, 0, -6.62021732, -8.81680298, -0.447199404, 1]
    IsRealBone: true
    HasExplicitInverseBind: true
    InverseBindTransform: [-0.997838974, -0.0657109991, 0, 0, 0.0657090023, -0.997812927, 0.00713599985, 0, -0.000468999991, 0.00711999973, 0.999975026, 0, -12.7704248, 93.1751633, 0.298999012, 1]
    Children:
      - BoneName: mixamorig_RightLeg
        BoneID: 50
  - BoneName: mixamorig_LeftLeg
    BoneID: 45
    BindTransform: [0.999109209, -0.042191159, -2.92493496e-07, 0, 0.0421899185, 0.999089122, 0.00644289516, 0, -0.000272098579, -0.00643701106, 0.999979019, 0, -0.372238159, 36.1851768, 0.0883260667, 1]
    MTransform: [0.999109209, -0.042191159, -2.92493496e-07, 0, 0.0421899185, 0.999089122, 0.00644289516, 0, -0.000272098579, -0.00643701106, 0.999979019, 0, -0.372238159, 36.1851768, 0.0883260667, 1]
    IsRealBone: true
    HasExplicitInverseBind: true
    InverseBindTransform: [-0.999723017, 0.0235459991, -0.000151999993, 0, -0.0235440005, -0.999479949, 0.0220299996, 0, 0.000366999971, 0.0220279973, 0.999756992, 0, 10.7258978, 57.4880104, -0.952939987, 1]
    Children:
      - BoneName: mixamorig_LeftFoot
        BoneID: 46
  - BoneName: mixamorig_LeftFoot
    BoneID: 46
    BindTransform: [0.998755693, 3.85800377e-07, -0.0498640127, 0, 0.0378798023, 0.650333464, 0.758704364, 0, 0.0324284248, -0.759648621, 0.649523556, 0, 0, 46.2630539, -1.090765e-05, 1]
    MTransform: [0.998755693, 3.85800377e-07, -0.0498640127, 0, 0.0378798023, 0.650333464, 0.758704364, 0, 0.0324284248, -0.759648621, 0.649523556, 0, 0, 46.2630539, -1.090765e-05, 1]
    IsRealBone: true
    HasExplicitInverseBind: true
    InverseBindTransform: [-0.998471975, -0.0226709973, -0.0504049994, 0, -0.0246130005, -0.634172022, 0.772800028, 0, -0.0494859964, 0.772858918, 0.632645011, 0, 10.7600708, 6.98324585, -8.79815388, 1]
    Children:
      - BoneName: mixamorig_LeftToeBase
        BoneID: 47
  - BoneName: mixamorig_LeftToeBase
    BoneID: 47
    BindTransform: [0.998422384, -5.72763383e-07, 0.0561646037, 0, -0.0348575339, 0.784096062, 0.619658709, 0, -0.0440376401, -0.62063849, 0.782859206, 0, -1.23977661e-05, 16.368597, -1.43051147e-05, 1]
    MTransform: [0.998422384, -5.72763383e-07, 0.0561646037, 0, -0.0348575339, 0.784096062, 0.619658709, 0, -0.0440376401, -0.62063849, 0.782859206, 0, -1.23977661e-05, 16.368597, -1.43051147e-05, 1]
    IsRealBone: true
    HasExplicitInverseBind: true
    InverseBindTransform: [-0.999725997, -0.0142059987, 0.0185819995, 0, 0.0188289993, -0.0175219998, 0.999669015, 0, -0.0138760004, 0.999746025, 0.0177849997, 0, 10.24895, -13.1859474, -1.53665102, 1]
    Children:
      - BoneName: mixamorig_LeftToe_End
        BoneID: 64
  - BoneName: mixamorig_RightShoulder
    BoneID: 48
    BindTransform: [0.00136977364, 1.46310776e-06, 0.999999285, 0, -0.949904799, -0.312539667, 0.00130199746, 0, 0.312539428, -0.949904919, -0.000426274724, 0, -3.41466141, 7.3432312, 0.00457595661, 1]
    MTransform: [0.00136977364, 1.46310776e-06, 0.999999285, 0, -0.949904799, -0.312539667, 0.00130199746, 0, 0.312539428, -0.949904919, -0.000426274724, 0, -3.41466141, 7.3432312, 0.00457595661, 1]
    IsRealBone: true
    HasExplicitInverseBind: true
    InverseBindTransform: [0.00136999995, -0.949903011, 0.312539011, 0, 0.005657, -0.312527001, -0.949891925, 0, 0.999982953, 0.00306899985, 0.00494500017, 0, -0.0593109988, 37.3021011, 124.298538, 1]
    Children:
      - BoneName: mixamorig_RightArm
        BoneID: 20
  - BoneName: mixamorig_RightFoot
    BoneID: 49
    BindTransform: [0.998907268, 1.15658622e-07, 0.0467422716, 0, -0.0366292968, 0.621201932, 0.782794535, 0, -0.0290369336, -0.783650517, 0.620523691, 0, 1.90734863e-06, 46.2533455, -7.4505806e-07, 1]
    MTransform: [0.998907268, 1.15658622e-07, 0.0467422716, 0, -0.0366292968, 0.621201932, 0.782794535, 0, -0.0290369336, -0.783650517, 0.620523691, 0, 1.90734863e-06, 46.2533455, -7.4505806e-07, 1]
    IsRealBone: true
    HasExplicitInverseBind: true
    InverseBindTransform: [-0.998628974, 0.0220059995, 0.0474970005, 0, 0.0239009988, -0.615572989, 0.787716985, 0, 0.0465729982, 0.787772, 0.614202917, 0, -10.7261448, 7.18077803, -8.65279675, 1]
    Children:
      - BoneName: mixamorig_RightToeBase
        BoneID: 51
  - BoneName: mixamorig_RightLeg
    BoneID: 50
    BindTransform: [0.999109328, 0.0421926528, -4.61455784e-07, 0, -0.0421927534, 0.999108851, 0.000911269803, 0, 3.82922881e-05, -0.000910772942, 0.999999583, 0, 0.372096062, 36.1838951, 0.496156693, 0.99999994]
    MTransform: [0.999109328, 0.0421926528, -4.61455784e-07, 0, -0.0421927534, 0.999108851, 0.000911269803, 0, 3.82922881e-05, -0.000910772942, 0.999999583, 0, 0.372096062, 36.1838951, 0.496156693, 0.99999994]
    IsRealBone: true
    HasExplicitInverseBind: true
    InverseBindTransform: [-0.999723017, -0.0235509984, 2.0999998e-05, 0, 0.02355, -0.999689996, 0.00804699957, 0, -0.000167999984, 0.00804500002, 0.999967933, 0, -10.7261992, 57.4948311, -0.249556005, 1]
    Children:
      - BoneName: mixamorig_RightFoot
        BoneID: 49
  - BoneName: mixamorig_RightToeBase
    BoneID: 51
    BindTransform: [0.998586774, 6.53788447e-07, -0.0531455949, 0, 0.031982217, 0.798657656, 0.600934684, 0, 0.0424456559, -0.601785243, 0.797528684, 0, -9.53674316e-07, 16.8634148, 0, 1]
    MTransform: [0.998586774, 6.53788447e-07, -0.0531455949, 0, 0.031982217, 0.798657656, 0.600934684, 0, 0.0424456559, -0.601785243, 0.797528684, 0, -9.53674316e-07, 16.8634148, 0, 1]
    IsRealBone: true
    HasExplicitInverseBind: true
    InverseBindTransform: [-0.999741971, 0.0141799999, -0.0177500006, 0, -0.0179970004, -0.0175010003, 0.999684989, 0, 0.0138649996, 0.999746025, 0.0177519992, 0, -10.2511263, -13.2759256, -1.529266, 1]
    Children:
      - BoneName: mixamorig_RightToe_End
        BoneID: 65
  - BoneName: Ch03
    BoneID: 52
    BindTransform: [1, 0, 0, 0, 0, 1, 0, 0, 0, 0, 1, 0, 0, 0, 0, 1]
