<?xml version="1.0" encoding="utf-8"?>
<COLLADA xmlns="http://www.collada.org/2005/11/COLLADASchema" version="1.4.1">
  <asset>
    <contributor>
      <author>Mixamo</author>
      <authoring_tool>COLLADA Mixamo exporter</authoring_tool>
      <comments/>
    </contributor>
    <created>2025-04-18T15:45:36Z</created>
    <modified>2025-04-18T15:45:36Z</modified>
    <revision/>
    <title/>
    <unit meter="0.010000"/>
    <up_axis>Y_UP</up_axis>
  </asset>
  <library_animations>
    <animation id="mixamorig_Hips-anim" name="mixamorig_Hips">
      <source id="mixamorig_Hips-Matrix-animation-input">
        <float_array id="mixamorig_Hips-Matrix-animation-input-array" count="121">

0.000000 0.033333 0.066667 0.100000 0.133333 0.166667 0.200000 0.233333 0.266667 0.300000 0.333333 0.366667 0.400000 0.433333 0.466667 0.500000
0.533333 0.566667 0.600000 0.633333 0.666667 0.700000 0.733333 0.766667 0.800000 0.833333 0.866667 0.900000 0.933333 0.966667 1.000000 1.033333
1.066667 1.100000 1.133333 1.166667 1.200000 1.233333 1.266667 1.300000 1.333333 1.366667 1.400000 1.433333 1.466667 1.500000 1.533333 1.566667
1.600000 1.633333 1.666667 1.700000 1.733333 1.766667 1.800000 1.833333 1.866667 1.900000 1.933333 1.966667 2.000000 2.033333 2.066667 2.100000
2.133333 2.166667 2.200000 2.233333 2.266667 2.300000 2.333333 2.366667 2.400000 2.433333 2.466667 2.500000 2.533333 2.566667 2.600000 2.633333
2.666667 2.700000 2.733333 2.766667 2.800000 2.833333 2.866667 2.900000 2.933333 2.966667 3.000000 3.033333 3.066667 3.100000 3.133333 3.166667
3.200000 3.233333 3.266667 3.300000 3.333333 3.366667 3.400000 3.433333 3.466667 3.500000 3.533333 3.566667 3.600000 3.633333 3.666667 3.700000
3.733333 3.766667 3.800000 3.833333 3.866667 3.900000 3.933333 3.966667 4.000000</float_array>
        <technique_common>
          <accessor source="#mixamorig_Hips-Matrix-animation-input-array" count="121">
            <param name="TIME" type="float"/>
          </accessor>
        </technique_common>
      </source>
      <source id="mixamorig_Hips-Matrix-animation-output-transform">
        <float_array id="mixamorig_Hips-Matrix-animation-output-transform-array" count="1936">

0.995342 -0.027931 -0.092267 -0.013392 0.064168 0.906231 0.417884 64.112595 0.071943 -0.421858 0.903803 -24.284340 0.000000 0.000000 0.000000 1.000000
0.995353 -0.029099 -0.091787 -0.029605 0.064924 0.906782 0.416572 64.117378 0.071109 -0.420595 0.904457 -24.256910 0.000000 0.000000 0.000000 1.000000
0.995358 -0.030131 -0.091404 -0.043769 0.065619 0.907218 0.415511 64.122711 0.070404 -0.419580 0.904984 -24.228891 0.000000 0.000000 0.000000 1.000000
0.995354 -0.030823 -0.091211 -0.053964 0.066125 0.907435 0.414957 64.129654 0.069978 -0.419061 0.905257 -24.201996 0.000000 0.000000 0.000000 1.000000
0.995349 -0.031033 -0.091200 -0.058987 0.066324 0.907357 0.415096 64.138962 0.069869 -0.419214 0.905195 -24.178520 0.000000 0.000000 0.000000 1.000000
0.995350 -0.031173 -0.091137 -0.064080 0.066441 0.907250 0.415311 64.145149 0.069738 -0.419436 0.905102 -24.155230 0.000000 0.000000 0.000000 1.000000
0.995355 -0.031251 -0.091057 -0.067520 0.066492 0.907164 0.415489 64.135979 0.069619 -0.419614 0.905029 -24.151031 0.000000 0.000000 0.000000 1.000000
0.995362 -0.031270 -0.090979 -0.070434 0.066483 0.907121 0.415586 64.127899 0.069534 -0.419707 0.904992 -24.148216 0.000000 0.000000 0.000000 1.000000
0.995366 -0.031211 -0.090956 -0.072836 0.066420 0.907127 0.415582 64.125557 0.069538 -0.419698 0.904996 -24.146362 0.000000 0.000000 0.000000 1.000000
0.995359 -0.030997 -0.091102 -0.074264 0.066279 0.907179 0.415493 64.129593 0.069767 -0.419603 0.905023 -24.144344 0.000000 0.000000 0.000000 1.000000
0.995339 -0.030582 -0.091463 -0.073836 0.066043 0.907256 0.415361 64.136230 0.070278 -0.419465 0.905047 -24.140711 0.000000 0.000000 0.000000 1.000000
0.995312 -0.030062 -0.091921 -0.070690 0.065755 0.907325 0.415256 64.141357 0.070919 -0.419353 0.905049 -24.136078 0.000000 0.000000 0.000000 1.000000
0.995293 -0.029635 -0.092273 -0.065030 0.065512 0.907353 0.415233 64.143768 0.071419 -0.419323 0.905024 -24.133375 0.000000 0.000000 0.000000 1.000000
0.995288 -0.029389 -0.092402 -0.058353 0.065347 0.907340 0.415288 64.144653 0.071635 -0.419370 0.904985 -24.134251 0.000000 0.000000 0.000000 1.000000
0.995299 -0.029230 -0.092330 -0.052553 0.065178 0.907320 0.415358 64.145416 0.071632 -0.419423 0.904960 -24.136503 0.000000 0.000000 0.000000 1.000000
0.995323 -0.029041 -0.092136 -0.048424 0.064925 0.907326 0.415384 64.147301 0.071534 -0.419423 0.904968 -24.136602 0.000000 0.000000 0.000000 1.000000
0.995351 -0.028813 -0.091907 -0.045400 0.064624 0.907327 0.415430 64.150436 0.071420 -0.419438 0.904970 -24.133953 0.000000 0.000000 0.000000 1.000000
0.995378 -0.028591 -0.091681 -0.041985 0.064339 0.907273 0.415592 64.154381 0.071298 -0.419570 0.904919 -24.131403 0.000000 0.000000 0.000000 1.000000
0.995410 -0.028407 -0.091385 -0.036951 0.064062 0.907202 0.415789 64.158554 0.071093 -0.419735 0.904858 -24.131931 0.000000 0.000000 0.000000 1.000000
0.995456 -0.028276 -0.090929 -0.030198 0.063754 0.907200 0.415840 64.162277 0.070733 -0.419748 0.904880 -24.135929 0.000000 0.000000 0.000000 1.000000
0.995506 -0.028196 -0.090400 -0.023264 0.063451 0.907263 0.415751 64.164810 0.070294 -0.419618 0.904975 -24.141155 0.000000 0.000000 0.000000 1.000000
0.995543 -0.028150 -0.090012 -0.018314 0.063241 0.907300 0.415701 64.167007 0.069966 -0.419540 0.905036 -24.145485 0.000000 0.000000 0.000000 1.000000
0.995567 -0.028119 -0.089750 -0.015935 0.063100 0.907314 0.415692 64.170097 0.069742 -0.419513 0.905066 -24.148880 0.000000 0.000000 0.000000 1.000000
0.995622 -0.028139 -0.089138 -0.013929 0.062833 0.907498 0.415331 64.173965 0.069206 -0.419113 0.905293 -24.151735 0.000000 0.000000 0.000000 1.000000
0.995743 -0.028293 -0.087729 -0.009590 0.062297 0.908032 0.414242 64.177811 0.067940 -0.417944 0.905929 -24.152430 0.000000 0.000000 0.000000 1.000000
0.995901 -0.028530 -0.085827 -0.002084 0.061599 0.908794 0.412673 64.182610 0.066226 -0.416269 0.906827 -24.147886 0.000000 0.000000 0.000000 1.000000
0.996031 -0.028667 -0.084264 0.007207 0.060974 0.909442 0.411337 64.190033 0.064842 -0.414842 0.907580 -24.137287 0.000000 0.000000 0.000000 1.000000
0.996097 -0.028622 -0.083496 0.016080 0.060567 0.909757 0.410699 64.199020 0.064206 -0.414153 0.907940 -24.124023 0.000000 0.000000 0.000000 1.000000
0.996113 -0.028501 -0.083347 0.022268 0.060396 0.909759 0.410720 64.206062 0.064120 -0.414157 0.907944 -24.113470 0.000000 0.000000 0.000000 1.000000
0.996106 -0.028423 -0.083452 0.024527 0.060397 0.909576 0.411125 64.208931 0.064220 -0.414565 0.907751 -24.108330 0.000000 0.000000 0.000000 1.000000
0.996092 -0.028380 -0.083641 0.023116 0.060477 0.909317 0.411686 64.208061 0.064372 -0.415135 0.907479 -24.107681 0.000000 0.000000 0.000000 1.000000
0.996070 -0.028285 -0.083936 0.019748 0.060554 0.909051 0.412262 64.204636 0.064641 -0.415724 0.907191 -24.109762 0.000000 0.000000 0.000000 1.000000
0.996092 -0.028378 -0.083638 0.015977 0.060473 0.909319 0.411681 64.201073 0.064371 -0.415130 0.907482 -24.108038 0.000000 0.000000 0.000000 1.000000
0.996070 -0.028284 -0.083933 0.012825 0.060551 0.909053 0.412257 64.195686 0.064639 -0.415719 0.907193 -24.109335 0.000000 0.000000 0.000000 1.000000
0.996038 -0.028092 -0.084375 0.011002 0.060598 0.908821 0.412762 64.190575 0.065086 -0.416239 0.906923 -24.108353 0.000000 0.000000 0.000000 1.000000
0.995998 -0.027819 -0.084941 0.010091 0.060615 0.908632 0.413175 64.185425 0.065686 -0.416670 0.906682 -24.106258 0.000000 0.000000 0.000000 1.000000
0.995953 -0.027512 -0.085562 0.009090 0.060622 0.908472 0.413527 64.178932 0.066354 -0.417040 0.906463 -24.105639 0.000000 0.000000 0.000000 1.000000
0.995909 -0.027253 -0.086150 0.006972 0.060654 0.908330 0.413832 64.170456 0.066975 -0.417365 0.906268 -24.108204 0.000000 0.000000 0.000000 1.000000
0.995873 -0.027137 -0.086603 0.003359 0.060756 0.908217 0.414067 64.160919 0.067418 -0.417620 0.906117 -24.113049 0.000000 0.000000 0.000000 1.000000
0.995850 -0.027216 -0.086845 -0.001776 0.060941 0.908137 0.414214 64.151596 0.067593 -0.417787 0.906027 -24.117609 0.000000 0.000000 0.000000 1.000000
0.995840 -0.027428 -0.086888 -0.007987 0.061159 0.908082 0.414303 64.143585 0.067538 -0.417894 0.905982 -24.119936 0.000000 0.000000 0.000000 1.000000
0.995837 -0.027650 -0.086853 -0.014732 0.061354 0.908024 0.414401 64.136307 0.067407 -0.418005 0.905941 -24.120098 0.000000 0.000000 0.000000 1.000000
0.995829 -0.027812 -0.086893 -0.021528 0.061532 0.907932 0.414576 64.129639 0.067363 -0.418194 0.905857 -24.119682 0.000000 0.000000 0.000000 1.000000
0.995807 -0.027917 -0.087112 -0.028188 0.061742 0.907777 0.414885 64.123642 0.067496 -0.418524 0.905694 -24.120558 0.000000 0.000000 0.000000 1.000000
0.995773 -0.028013 -0.087473 -0.034650 0.062011 0.907578 0.415279 64.118988 0.067755 -0.418948 0.905479 -24.123434 0.000000 0.000000 0.000000 1.000000
0.995739 -0.028154 -0.087809 -0.040998 0.062305 0.907414 0.415594 64.116615 0.067979 -0.419295 0.905302 -24.127274 0.000000 0.000000 0.000000 1.000000
0.995720 -0.028339 -0.087967 -0.047105 0.062549 0.907350 0.415697 64.117157 0.068036 -0.419420 0.905239 -24.130663 0.000000 0.000000 0.000000 1.000000
0.995719 -0.028521 -0.087921 -0.052434 0.062689 0.907378 0.415615 64.119370 0.067924 -0.419347 0.905281 -24.133211 0.000000 0.000000 0.000000 1.000000
0.995727 -0.028672 -0.087784 -0.056530 0.062761 0.907416 0.415521 64.119476 0.067743 -0.419255 0.905337 -24.135855 0.000000 0.000000 0.000000 1.000000
0.995727 -0.028800 -0.087737 -0.059506 0.062865 0.907371 0.415603 64.115540 0.067640 -0.419343 0.905305 -24.139656 0.000000 0.000000 0.000000 1.000000
0.995708 -0.028920 -0.087914 -0.061864 0.063073 0.907206 0.415931 64.108383 0.067727 -0.419691 0.905137 -24.144588 0.000000 0.000000 0.000000 1.000000
0.995672 -0.029015 -0.088295 -0.064061 0.063357 0.906964 0.416416 64.100075 0.067998 -0.420208 0.904877 -24.149267 0.000000 0.000000 0.000000 1.000000
0.995634 -0.029062 -0.088703 -0.066541 0.063609 0.906730 0.416888 64.092560 0.068314 -0.420710 0.904619 -24.152081 0.000000 0.000000 0.000000 1.000000
0.995611 -0.029059 -0.088961 -0.069451 0.063742 0.906558 0.417241 64.086166 0.068524 -0.421081 0.904431 -24.152521 0.000000 0.000000 0.000000 1.000000
0.995604 -0.029042 -0.089041 -0.072462 0.063779 0.906441 0.417489 64.080399 0.068586 -0.421333 0.904309 -24.151375 0.000000 0.000000 0.000000 1.000000
0.995605 -0.029065 -0.089024 -0.074733 0.063807 0.906352 0.417678 64.075226 0.068547 -0.421523 0.904223 -24.149427 0.000000 0.000000 0.000000 1.000000
0.995606 -0.029140 -0.088989 -0.075402 0.063870 0.906287 0.417810 64.071022 0.068475 -0.421658 0.904166 -24.146484 0.000000 0.000000 0.000000 1.000000
0.995603 -0.029201 -0.089006 -0.073842 0.063937 0.906260 0.417858 64.068039 0.068461 -0.421711 0.904142 -24.141975 0.000000 0.000000 0.000000 1.000000
0.995594 -0.029163 -0.089119 -0.069970 0.063949 0.906266 0.417843 64.066559 0.068580 -0.421701 0.904138 -24.136480 0.000000 0.000000 0.000000 1.000000
0.995583 -0.029015 -0.089286 -0.064918 0.063885 0.906272 0.417840 64.067268 0.068794 -0.421699 0.904123 -24.132296 0.000000 0.000000 0.000000 1.000000
0.995579 -0.028822 -0.089396 -0.060259 0.063762 0.906248 0.417911 64.071243 0.068970 -0.421763 0.904079 -24.131323 0.000000 0.000000 0.000000 1.000000
0.995583 -0.028606 -0.089423 -0.056617 0.063585 0.906208 0.418024 64.079071 0.069078 -0.421864 0.904024 -24.133017 0.000000 0.000000 0.000000 1.000000
0.995583 -0.028285 -0.089521 -0.052798 0.063338 0.906202 0.418074 64.089447 0.069299 -0.421898 0.903991 -24.135818 0.000000 0.000000 0.000000 1.000000
0.995565 -0.027811 -0.089867 -0.047377 0.063047 0.906261 0.417990 64.099075 0.069818 -0.421802 0.903996 -24.139225 0.000000 0.000000 0.000000 1.000000
0.995532 -0.027294 -0.090397 -0.040956 0.062788 0.906357 0.417821 64.103577 0.070528 -0.421630 0.904021 -24.143272 0.000000 0.000000 0.000000 1.000000
0.995503 -0.026907 -0.090829 -0.035542 0.062609 0.906433 0.417683 64.100708 0.071092 -0.421492 0.904041 -24.147570 0.000000 0.000000 0.000000 1.000000
0.995493 -0.026742 -0.090986 -0.032259 0.062521 0.906461 0.417636 64.092407 0.071307 -0.421442 0.904047 -24.152103 0.000000 0.000000 0.000000 1.000000
0.995495 -0.026752 -0.090967 -0.030295 0.062524 0.906454 0.417651 64.082008 0.071284 -0.421457 0.904042 -24.158152 0.000000 0.000000 0.000000 1.000000
0.995496 -0.026806 -0.090938 -0.028811 0.062564 0.906430 0.417696 64.071075 0.071232 -0.421504 0.904025 -24.166943 0.000000 0.000000 0.000000 1.000000
0.995497 -0.026814 -0.090921 -0.028304 0.062571 0.906386 0.417790 64.060074 0.071207 -0.421598 0.903983 -24.177540 0.000000 0.000000 0.000000 1.000000
0.995505 -0.026790 -0.090841 -0.030192 0.062529 0.906313 0.417956 64.050346 0.071133 -0.421758 0.903914 -24.186668 0.000000 0.000000 0.000000 1.000000
0.995523 -0.026792 -0.090641 -0.034988 0.062464 0.906211 0.418187 64.042755 0.070936 -0.421977 0.903827 -24.191780 0.000000 0.000000 0.000000 1.000000
0.995549 -0.026832 -0.090348 -0.041372 0.062397 0.906087 0.418464 64.036842 0.070635 -0.422239 0.903728 -24.193302 0.000000 0.000000 0.000000 1.000000
0.995576 -0.026893 -0.090029 -0.046499 0.062341 0.905951 0.418767 64.031860 0.070300 -0.422527 0.903620 -24.192947 0.000000 0.000000 0.000000 1.000000
0.995602 -0.026971 -0.089718 -0.048260 0.062303 0.905808 0.419082 64.028076 0.069964 -0.422828 0.903505 -24.190929 0.000000 0.000000 0.000000 1.000000
0.995627 -0.027093 -0.089405 -0.046744 0.062306 0.905664 0.419394 64.026321 0.069608 -0.423130 0.903391 -24.186344 0.000000 0.000000 0.000000 1.000000
0.995649 -0.027286 -0.089099 -0.044053 0.062372 0.905527 0.419678 64.026291 0.069230 -0.423410 0.903289 -24.179222 0.000000 0.000000 0.000000 1.000000
0.995664 -0.027517 -0.088855 -0.042172 0.062496 0.905411 0.419912 64.026390 0.068895 -0.423644 0.903205 -24.171843 0.000000 0.000000 0.000000 1.000000
0.995667 -0.027709 -0.088765 -0.041483 0.062644 0.905326 0.420073 64.025764 0.068721 -0.423813 0.903139 -24.167070 0.000000 0.000000 0.000000 1.000000
0.995651 -0.027786 -0.088925 -0.041516 0.062789 0.905279 0.420151 64.024712 0.068828 -0.423907 0.903087 -24.166103 0.000000 0.000000 0.000000 1.000000
0.995611 -0.027715 -0.089387 -0.042244 0.062924 0.905254 0.420185 64.023819 0.069273 -0.423966 0.903025 -24.168489 0.000000 0.000000 0.000000 1.000000
0.995552 -0.027533 -0.090106 -0.044100 0.063071 0.905208 0.420262 64.023537 0.069993 -0.424075 0.902918 -24.173788 0.000000 0.000000 0.000000 1.000000
0.995483 -0.027302 -0.090929 -0.047001 0.063224 0.905131 0.420406 64.023674 0.070825 -0.424256 0.902768 -24.181023 0.000000 0.000000 0.000000 1.000000
0.995418 -0.027052 -0.091712 -0.050298 0.063340 0.905072 0.420515 64.023926 0.071630 -0.424398 0.902638 -24.187910 0.000000 0.000000 0.000000 1.000000
0.995360 -0.026828 -0.092400 -0.054079 0.063429 0.905078 0.420488 64.024231 0.072349 -0.424398 0.902581 -24.192444 0.000000 0.000000 0.000000 1.000000
0.995311 -0.026721 -0.092967 -0.059566 0.063565 0.905120 0.420378 64.025116 0.072913 -0.424316 0.902574 -24.195047 0.000000 0.000000 0.000000 1.000000
0.995274 -0.026773 -0.093342 -0.067538 0.063768 0.905132 0.420322 64.027557 0.073234 -0.424288 0.902561 -24.197065 0.000000 0.000000 0.000000 1.000000
0.995254 -0.026957 -0.093503 -0.076865 0.064009 0.905087 0.420382 64.030968 0.073296 -0.424372 0.902517 -24.198698 0.000000 0.000000 0.000000 1.000000
0.995241 -0.027229 -0.093559 -0.085483 0.064290 0.905010 0.420504 64.032631 0.073222 -0.424518 0.902454 -24.199223 0.000000 0.000000 0.000000 1.000000
0.995225 -0.027545 -0.093645 -0.092040 0.064624 0.904931 0.420624 64.031357 0.073156 -0.424667 0.902389 -24.198875 0.000000 0.000000 0.000000 1.000000
0.995205 -0.027880 -0.093752 -0.096910 0.064983 0.904861 0.420718 64.028893 0.073103 -0.424793 0.902334 -24.198853 0.000000 0.000000 0.000000 1.000000
0.995192 -0.028211 -0.093787 -0.101148 0.065305 0.904802 0.420794 64.028549 0.072988 -0.424896 0.902295 -24.199867 0.000000 0.000000 0.000000 1.000000
0.995189 -0.028471 -0.093743 -0.104691 0.065527 0.904759 0.420853 64.031853 0.072833 -0.424971 0.902272 -24.201324 0.000000 0.000000 0.000000 1.000000
0.995185 -0.028575 -0.093761 -0.105710 0.065635 0.904722 0.420915 64.037277 0.072800 -0.425042 0.902241 -24.201502 0.000000 0.000000 0.000000 1.000000
0.995164 -0.028469 -0.094008 -0.102452 0.065650 0.904683 0.420997 64.042000 0.073062 -0.425133 0.902177 -24.199039 0.000000 0.000000 0.000000 1.000000
0.995127 -0.028185 -0.094491 -0.095437 0.065604 0.904658 0.421059 64.043587 0.073615 -0.425206 0.902098 -24.194496 0.000000 0.000000 0.000000 1.000000
0.995085 -0.027867 -0.095017 -0.088017 0.065540 0.904663 0.421057 64.042328 0.074225 -0.425215 0.902044 -24.190014 0.000000 0.000000 0.000000 1.000000
0.995059 -0.027685 -0.095349 -0.083802 0.065513 0.904686 0.421011 64.039833 0.074605 -0.425178 0.902030 -24.187296 0.000000 0.000000 0.000000 1.000000
0.995052 -0.027693 -0.095420 -0.083309 0.065548 0.904696 0.420985 64.037766 0.074668 -0.425156 0.902035 -24.187078 0.000000 0.000000 0.000000 1.000000
0.995054 -0.027777 -0.095374 -0.084265 0.065608 0.904675 0.421021 64.036697 0.074588 -0.425196 0.902023 -24.189173 0.000000 0.000000 0.000000 1.000000
0.995051 -0.027782 -0.095406 -0.084485 0.065636 0.904620 0.421134 64.036751 0.074606 -0.425312 0.901967 -24.191833 0.000000 0.000000 0.000000 1.000000
0.995038 -0.027645 -0.095576 -0.083804 0.065598 0.904544 0.421303 64.038025 0.074805 -0.425483 0.901870 -24.192650 0.000000 0.000000 0.000000 1.000000
0.995025 -0.027430 -0.095775 -0.083328 0.065502 0.904471 0.421476 64.039917 0.075065 -0.425652 0.901768 -24.190210 0.000000 0.000000 0.000000 1.000000
0.995022 -0.027233 -0.095858 -0.083778 0.065369 0.904422 0.421602 64.041878 0.075214 -0.425769 0.901700 -24.185379 0.000000 0.000000 0.000000 1.000000
0.995033 -0.027100 -0.095781 -0.084800 0.065221 0.904403 0.421666 64.043991 0.075197 -0.425818 0.901679 -24.180254 0.000000 0.000000 0.000000 1.000000
0.995052 -0.027019 -0.095610 -0.085224 0.065076 0.904400 0.421694 64.046509 0.075076 -0.425830 0.901683 -24.176760 0.000000 0.000000 0.000000 1.000000
0.995073 -0.026976 -0.095409 -0.084200 0.064954 0.904389 0.421737 64.049706 0.074911 -0.425856 0.901684 -24.175842 0.000000 0.000000 0.000000 1.000000
0.995096 -0.026966 -0.095172 -0.081775 0.064850 0.904360 0.421814 64.053787 0.074695 -0.425917 0.901673 -24.177713 0.000000 0.000000 0.000000 1.000000
0.995125 -0.027029 -0.094847 -0.078906 0.064775 0.904327 0.421897 64.057190 0.074369 -0.425984 0.901669 -24.182001 0.000000 0.000000 0.000000 1.000000
0.995161 -0.027123 -0.094435 -0.076193 0.064687 0.904313 0.421941 64.059799 0.073955 -0.426008 0.901692 -24.189251 0.000000 0.000000 0.000000 1.000000
0.995202 -0.027174 -0.093990 -0.073867 0.064541 0.904331 0.421925 64.061752 0.073533 -0.425967 0.901746 -24.198210 0.000000 0.000000 0.000000 1.000000
0.995240 -0.027173 -0.093589 -0.072226 0.064362 0.904373 0.421862 64.063103 0.073176 -0.425877 0.901817 -24.205677 0.000000 0.000000 0.000000 1.000000
0.995270 -0.027156 -0.093279 -0.071289 0.064209 0.904410 0.421805 64.064316 0.072908 -0.425799 0.901876 -24.210653 0.000000 0.000000 0.000000 1.000000
0.995292 -0.027107 -0.093049 -0.069338 0.064064 0.904432 0.421781 64.065399 0.072723 -0.425757 0.901910 -24.218163 0.000000 0.000000 0.000000 1.000000
0.995311 -0.026938 -0.092894 -0.062007 0.063844 0.904451 0.421773 64.065582 0.072657 -0.425726 0.901930 -24.239595 0.000000 0.000000 0.000000 1.000000
0.995323 -0.026575 -0.092871 -0.045404 0.063501 0.904488 0.421745 64.063148 0.072793 -0.425670 0.901946 -24.285673 0.000000 0.000000 0.000000 1.000000
0.995326 -0.026219 -0.092946 -0.021715 0.063181 0.904680 0.421381 64.061172 0.073038 -0.425284 0.902108 -24.345104 0.000000 0.000000 0.000000 1.000000
0.995323 -0.026063 -0.093024 -0.001723 0.063021 0.904987 0.420746 64.061295 0.073220 -0.424640 0.902396 -24.387821 0.000000 0.000000 0.000000 1.000000
0.995323 -0.026152 -0.092995 0.007091 0.063039 0.905273 0.420127 64.061646 0.073199 -0.424024 0.902688 -24.398893 0.000000 0.000000 0.000000 1.000000
0.995332 -0.026882 -0.092690 0.001948 0.063492 0.905704 0.419128 64.061310 0.072683 -0.423057 0.903183 -24.381744 0.000000 0.000000 0.000000 1.000000
0.995344 -0.027919 -0.092253 -0.009930 0.064151 0.906232 0.417885 64.062714 0.071935 -0.421857 0.903804 -24.352154 0.000000 0.000000 0.000000 1.000000</float_array>
        <technique_common>
          <accessor source="#mixamorig_Hips-Matrix-animation-output-transform-array" count="121" stride="16">
            <param type="float4x4"/>
          </accessor>
        </technique_common>
      </source>
      <source id="mixamorig_Hips-Interpolations">
        <Name_array id="mixamorig_Hips-Interpolations-array" count="121">
 LINEAR LINEAR LINEAR LINEAR LINEAR LINEAR LINEAR LINEAR LINEAR LINEAR LINEAR
LINEAR LINEAR LINEAR LINEAR LINEAR LINEAR LINEAR LINEAR LINEAR LINEAR LINEAR LINEAR
LINEAR LINEAR LINEAR LINEAR LINEAR LINEAR LINEAR LINEAR LINEAR LINEAR LINEAR LINEAR
LINEAR LINEAR LINEAR LINEAR LINEAR LINEAR LINEAR LINEAR LINEAR LINEAR LINEAR LINEAR
LINEAR LINEAR LINEAR LINEAR LINEAR LINEAR LINEAR LINEAR LINEAR LINEAR LINEAR LINEAR
LINEAR LINEAR LINEAR LINEAR LINEAR LINEAR LINEAR LINEAR LINEAR LINEAR LINEAR LINEAR
LINEAR LINEAR LINEAR LINEAR LINEAR LINEAR LINEAR LINEAR LINEAR LINEAR LINEAR LINEAR
LINEAR LINEAR LINEAR LINEAR LINEAR LINEAR LINEAR LINEAR LINEAR LINEAR LINEAR LINEAR
LINEAR LINEAR LINEAR LINEAR LINEAR LINEAR LINEAR LINEAR LINEAR LINEAR LINEAR LINEAR
LINEAR LINEAR LINEAR LINEAR LINEAR LINEAR LINEAR LINEAR LINEAR LINEAR LINEAR LINEAR
LINEAR LINEAR</Name_array>
        <technique_common>
          <accessor source="#mixamorig_Hips-Interpolations-array" count="121">
            <param type="name"/>
          </accessor>
        </technique_common>
      </source>
      <sampler id="mixamorig_Hips-Matrix-animation-transform">
        <input semantic="INPUT" source="#mixamorig_Hips-Matrix-animation-input"/>
        <input semantic="OUTPUT" source="#mixamorig_Hips-Matrix-animation-output-transform"/>
        <input semantic="INTERPOLATION" source="#mixamorig_Hips-Interpolations"/>
      </sampler>
      <channel source="#mixamorig_Hips-Matrix-animation-transform" target="mixamorig_Hips/matrix"/>
    </animation>
    <animation id="mixamorig_Spine-anim" name="mixamorig_Spine">
      <source id="mixamorig_Spine-Matrix-animation-input">
        <float_array id="mixamorig_Spine-Matrix-animation-input-array" count="121">

0.000000 0.033333 0.066667 0.100000 0.133333 0.166667 0.200000 0.233333 0.266667 0.300000 0.333333 0.366667 0.400000 0.433333 0.466667 0.500000
0.533333 0.566667 0.600000 0.633333 0.666667 0.700000 0.733333 0.766667 0.800000 0.833333 0.866667 0.900000 0.933333 0.966667 1.000000 1.033333
1.066667 1.100000 1.133333 1.166667 1.200000 1.233333 1.266667 1.300000 1.333333 1.366667 1.400000 1.433333 1.466667 1.500000 1.533333 1.566667
1.600000 1.633333 1.666667 1.700000 1.733333 1.766667 1.800000 1.833333 1.866667 1.900000 1.933333 1.966667 2.000000 2.033333 2.066667 2.100000
2.133333 2.166667 2.200000 2.233333 2.266667 2.300000 2.333333 2.366667 2.400000 2.433333 2.466667 2.500000 2.533333 2.566667 2.600000 2.633333
2.666667 2.700000 2.733333 2.766667 2.800000 2.833333 2.866667 2.900000 2.933333 2.966667 3.000000 3.033333 3.066667 3.100000 3.133333 3.166667
3.200000 3.233333 3.266667 3.300000 3.333333 3.366667 3.400000 3.433333 3.466667 3.500000 3.533333 3.566667 3.600000 3.633333 3.666667 3.700000
3.733333 3.766667 3.800000 3.833333 3.866667 3.900000 3.933333 3.966667 4.000000</float_array>
        <technique_common>
          <accessor source="#mixamorig_Spine-Matrix-animation-input-array" count="121">
            <param name="TIME" type="float"/>
          </accessor>
        </technique_common>
      </source>
      <source id="mixamorig_Spine-Matrix-animation-output-transform">
        <float_array id="mixamorig_Spine-Matrix-animation-output-transform-array" count="1936">

0.997134 0.055186 0.051749 0.000000 -0.043686 0.978472 -0.201701 5.645700 -0.061766 0.198862 0.978079 -0.031900 0.000000 0.000000 0.000000 1.000000
0.997105 0.057341 0.049939 0.000000 -0.046440 0.979269 -0.197170 5.645700 -0.060210 0.194280 0.979097 -0.031900 0.000000 0.000000 0.000000 1.000000
0.997098 0.058830 0.048325 0.000000 -0.048442 0.979916 -0.193437 5.645700 -0.058735 0.190535 0.979922 -0.031900 0.000000 0.000000 0.000000 1.000000
0.997136 0.059103 0.047193 -0.000000 -0.049041 0.980273 -0.191470 5.645700 -0.057579 0.188607 0.980363 -0.031900 0.000000 0.000000 0.000000 1.000000
0.997214 0.057897 0.047032 0.000000 -0.047863 0.980254 -0.191864 5.645700 -0.057211 0.189079 0.980294 -0.031900 0.000000 0.000000 0.000000 1.000000
0.997256 0.056607 0.047703 0.000000 -0.046434 0.980208 -0.192447 5.645700 -0.057653 0.189704 0.980147 -0.031900 0.000000 0.000000 0.000000 1.000000
0.997250 0.055441 0.049171 0.000000 -0.044983 0.980193 -0.192869 5.645700 -0.058890 0.190127 0.979992 -0.031900 0.000000 0.000000 0.000000 1.000000
0.997196 0.054463 0.051320 -0.000000 -0.043598 0.980212 -0.193092 5.645700 -0.060821 0.190313 0.979838 -0.031900 0.000000 0.000000 0.000000 1.000000
0.997104 0.053718 0.053840 0.000000 -0.042381 0.980255 -0.193145 5.645700 -0.063152 0.190303 0.979692 -0.031900 0.000000 0.000000 0.000000 1.000000
0.996993 0.053225 0.056328 -0.000000 -0.041424 0.980304 -0.193103 5.645700 -0.065497 0.190189 0.979560 -0.031900 0.000000 0.000000 0.000000 1.000000
0.996885 0.053003 0.058408 -0.000000 -0.040812 0.980340 -0.193048 5.645700 -0.067491 0.190063 0.979449 -0.031900 0.000000 0.000000 0.000000 1.000000
0.996797 0.053060 0.059830 0.000000 -0.040599 0.980354 -0.193024 5.645700 -0.068897 0.189976 0.979368 -0.031900 0.000000 0.000000 0.000000 1.000000
0.996738 0.053398 0.060520 0.000000 -0.040800 0.980345 -0.193026 5.645700 -0.069638 0.189927 0.979325 -0.031900 0.000000 0.000000 0.000000 1.000000
0.996703 0.053983 0.060564 0.000000 -0.041366 0.980320 -0.193033 5.645700 -0.069793 0.189891 0.979321 -0.031900 0.000000 0.000000 0.000000 1.000000
0.996686 0.054764 0.060155 0.000000 -0.042212 0.980283 -0.193039 5.645700 -0.069541 0.189860 0.979345 -0.031900 0.000000 0.000000 0.000000 1.000000
0.996673 0.055695 0.059513 -0.000000 -0.043247 0.980228 -0.193085 5.645700 -0.069090 0.189869 0.979375 -0.031900 0.000000 0.000000 0.000000 1.000000
0.996654 0.056763 0.058820 -0.000000 -0.044418 0.980145 -0.193241 5.645700 -0.068621 0.189981 0.979387 -0.031900 0.000000 0.000000 0.000000 1.000000
0.996621 0.057975 0.058192 -0.000000 -0.045708 0.980024 -0.193557 5.645700 -0.068251 0.190243 0.979362 -0.031900 0.000000 0.000000 0.000000 1.000000
0.996570 0.059329 0.057685 0.000000 -0.047104 0.979865 -0.194023 5.645700 -0.068034 0.190640 0.979300 -0.031900 0.000000 0.000000 0.000000 1.000000
0.996505 0.060768 0.057321 -0.000000 -0.048552 0.979693 -0.194534 5.645700 -0.067979 0.191071 0.979219 -0.031900 0.000000 0.000000 0.000000 1.000000
0.996431 0.062147 0.057127 -0.000000 -0.049921 0.979553 -0.194893 5.645700 -0.068071 0.191346 0.979159 -0.031900 0.000000 0.000000 0.000000 1.000000
0.996361 0.063241 0.057139 0.000000 -0.050997 0.979507 -0.194848 5.645700 -0.068290 0.191225 0.979168 -0.031900 0.000000 0.000000 0.000000 1.000000
0.996311 0.063788 0.057399 0.000000 -0.051532 0.979613 -0.194173 5.645700 -0.068615 0.190499 0.979287 -0.031900 0.000000 0.000000 0.000000 1.000000
0.996293 0.063601 0.057929 0.000000 -0.051346 0.979899 -0.192774 5.645700 -0.069025 0.189085 0.979532 -0.031900 0.000000 0.000000 0.000000 1.000000
0.996306 0.062665 0.058718 0.000000 -0.050417 0.980338 -0.190774 5.645700 -0.069518 0.187109 0.979876 -0.031900 0.000000 0.000000 0.000000 1.000000
0.996339 0.061169 0.059730 0.000000 -0.048916 0.980849 -0.188527 5.645700 -0.070118 0.184915 0.980250 -0.031900 0.000000 0.000000 0.000000 1.000000
0.996372 0.059460 0.060895 0.000000 -0.047162 0.981317 -0.186526 5.645700 -0.070848 0.182977 0.980561 -0.031900 0.000000 0.000000 0.000000 1.000000
0.996387 0.057930 0.062102 0.000000 -0.045527 0.981637 -0.185246 5.645700 -0.071693 0.181750 0.980728 -0.031900 0.000000 0.000000 0.000000 1.000000
0.996377 0.056880 0.063231 -0.000000 -0.044306 0.981744 -0.184973 5.645700 -0.072598 0.181502 0.980707 -0.031900 0.000000 0.000000 0.000000 1.000000
0.996341 0.056415 0.064201 0.000000 -0.043614 0.981634 -0.185723 5.645700 -0.073499 0.182244 0.980502 -0.031900 0.000000 0.000000 0.000000 1.000000
0.996288 0.056434 0.065002 0.000000 -0.043370 0.981350 -0.187275 5.645700 -0.074358 0.183761 0.980155 -0.031900 0.000000 0.000000 0.000000 1.000000
0.996229 0.056700 0.065672 0.000000 -0.043353 0.980965 -0.189283 5.645700 -0.075155 0.185722 0.979724 -0.031900 0.000000 0.000000 0.000000 1.000000
0.996289 0.056430 0.064996 0.000000 -0.043368 0.981353 -0.187260 5.645700 -0.074351 0.183746 0.980158 -0.031900 0.000000 0.000000 0.000000 1.000000
0.996230 0.056695 0.065667 0.000000 -0.043351 0.980969 -0.189265 5.645700 -0.075148 0.185705 0.979728 -0.031900 0.000000 0.000000 0.000000 1.000000
0.996178 0.056941 0.066240 -0.000000 -0.043321 0.980557 -0.191391 5.645700 -0.075850 0.187790 0.979276 -0.031900 0.000000 0.000000 0.000000 1.000000
0.996146 0.056963 0.066699 0.000000 -0.043101 0.980176 -0.193385 5.645700 -0.076392 0.189765 0.978853 -0.031900 0.000000 0.000000 0.000000 1.000000
0.996144 0.056665 0.066976 0.000000 -0.042620 0.979856 -0.195107 5.645700 -0.076683 0.191500 0.978493 -0.031900 0.000000 0.000000 0.000000 1.000000
0.996178 0.056059 0.066986 0.000000 -0.041913 0.979606 -0.196510 5.645700 -0.076636 0.192951 0.978211 -0.031900 0.000000 0.000000 0.000000 1.000000
0.996244 0.055232 0.066683 0.000000 -0.041072 0.979420 -0.197610 5.645700 -0.076225 0.194129 0.978010 -0.031900 0.000000 0.000000 0.000000 1.000000
0.996334 0.054299 0.066108 0.000000 -0.040202 0.979283 -0.198464 5.645700 -0.075515 0.195079 0.977876 -0.031900 0.000000 0.000000 0.000000 1.000000
0.996432 0.053365 0.065391 -0.000000 -0.039371 0.979177 -0.199154 5.645700 -0.074657 0.195869 0.977784 -0.031900 0.000000 0.000000 0.000000 1.000000
0.996522 0.052493 0.064713 0.000000 -0.038603 0.979085 -0.199757 5.645700 -0.073846 0.196564 0.977706 -0.031900 0.000000 0.000000 0.000000 1.000000
0.996594 0.051710 0.064240 -0.000000 -0.037884 0.978996 -0.200327 5.645700 -0.073250 0.197211 0.977621 -0.031900 0.000000 0.000000 0.000000 1.000000
0.996642 0.051010 0.064052 0.000000 -0.037194 0.978912 -0.200866 5.645700 -0.072948 0.197809 0.977522 -0.031900 0.000000 0.000000 0.000000 1.000000
0.996671 0.050362 0.064107 -0.000000 -0.036511 0.978843 -0.201329 5.645700 -0.072890 0.198318 0.977424 -0.031900 0.000000 0.000000 0.000000 1.000000
0.996694 0.049723 0.064253 0.000000 -0.035830 0.978800 -0.201659 5.645700 -0.072918 0.198690 0.977346 -0.031900 0.000000 0.000000 0.000000 1.000000
0.996725 0.049057 0.064284 -0.000000 -0.035157 0.978789 -0.201831 5.645700 -0.072822 0.198910 0.977308 -0.031900 0.000000 0.000000 0.000000 1.000000
0.996775 0.048356 0.064034 0.000000 -0.034514 0.978800 -0.201891 5.645700 -0.072439 0.199030 0.977312 -0.031900 0.000000 0.000000 0.000000 1.000000
0.996847 0.047659 0.063437 -0.000000 -0.033946 0.978809 -0.201944 5.645700 -0.071718 0.199154 0.977340 -0.031900 0.000000 0.000000 0.000000 1.000000
0.996932 0.047039 0.062555 0.000000 -0.033501 0.978790 -0.202106 5.645700 -0.070735 0.199390 0.977364 -0.031900 0.000000 0.000000 0.000000 1.000000
0.997018 0.046569 0.061535 -0.000000 -0.033220 0.978730 -0.202447 5.645700 -0.069654 0.199799 0.977358 -0.031900 0.000000 0.000000 0.000000 1.000000
0.997091 0.046293 0.060546 0.000000 -0.033112 0.978628 -0.202953 5.645700 -0.068648 0.200358 0.977315 -0.031900 0.000000 0.000000 0.000000 1.000000
0.997145 0.046213 0.059718 0.000000 -0.033160 0.978505 -0.203538 5.645700 -0.067840 0.200976 0.977244 -0.031900 0.000000 0.000000 0.000000 1.000000
0.997177 0.046297 0.059109 0.000000 -0.033327 0.978387 -0.204079 5.645700 -0.067280 0.201533 0.977168 -0.031900 0.000000 0.000000 0.000000 1.000000
0.997191 0.046500 0.058722 0.000000 -0.033578 0.978299 -0.204461 5.645700 -0.066955 0.201915 0.977112 -0.031900 0.000000 0.000000 0.000000 1.000000
0.997188 0.046796 0.058533 0.000000 -0.033898 0.978257 -0.204606 5.645700 -0.066835 0.202047 0.977093 -0.031900 0.000000 0.000000 0.000000 1.000000
0.997170 0.047201 0.058520 0.000000 -0.034306 0.978270 -0.204476 5.645700 -0.066900 0.201890 0.977121 -0.031900 0.000000 0.000000 0.000000 1.000000
0.997134 0.047770 0.058669 -0.000000 -0.034863 0.978337 -0.204060 5.645700 -0.067146 0.201430 0.977199 -0.031900 0.000000 0.000000 0.000000 1.000000
0.997079 0.048572 0.058950 0.000000 -0.035641 0.978454 -0.203366 5.645700 -0.067558 0.200671 0.977327 -0.031900 0.000000 0.000000 0.000000 1.000000
0.997005 0.049647 0.059295 0.000000 -0.036693 0.978612 -0.202416 5.645700 -0.068076 0.199634 0.977503 -0.031900 0.000000 0.000000 0.000000 1.000000
0.996922 0.050976 0.059571 -0.000000 -0.038023 0.978800 -0.201260 5.645700 -0.068567 0.198375 0.977725 -0.031900 0.000000 0.000000 0.000000 1.000000
0.996842 0.052471 0.059603 0.000000 -0.039574 0.978998 -0.199991 5.645700 -0.068845 0.197001 0.977983 -0.031900 0.000000 0.000000 0.000000 1.000000
0.996784 0.053996 0.059217 0.000000 -0.041235 0.979182 -0.198750 5.645700 -0.068716 0.195669 0.978260 -0.031900 0.000000 0.000000 0.000000 1.000000
0.996761 0.055404 0.058298 0.000000 -0.042872 0.979323 -0.197706 5.645700 -0.068046 0.194566 0.978526 -0.031900 0.000000 0.000000 0.000000 1.000000
0.996778 0.056597 0.056831 0.000000 -0.044377 0.979396 -0.197015 5.645700 -0.066811 0.193858 0.978752 -0.031900 0.000000 0.000000 0.000000 1.000000
0.996831 0.057545 0.054930 0.000000 -0.045695 0.979384 -0.196771 5.645700 -0.065120 0.193638 0.978909 -0.031900 0.000000 0.000000 0.000000 1.000000
0.996902 0.058289 0.052818 0.000000 -0.046822 0.979287 -0.196987 5.645700 -0.063206 0.193904 0.978982 -0.031900 0.000000 0.000000 0.000000 1.000000
0.996971 0.058918 0.050773 0.000000 -0.047800 0.979119 -0.197588 5.645700 -0.061354 0.194562 0.978969 -0.031900 0.000000 0.000000 0.000000 1.000000
0.997020 0.059556 0.049042 -0.000000 -0.048712 0.978901 -0.198445 5.645700 -0.059826 0.195465 0.978884 -0.031900 0.000000 0.000000 0.000000 1.000000
0.997035 0.060326 0.047777 -0.000000 -0.049658 0.978655 -0.199422 5.645700 -0.058787 0.196458 0.978748 -0.031900 0.000000 0.000000 0.000000 1.000000
0.997010 0.061320 0.047020 -0.000000 -0.050724 0.978396 -0.200420 5.645700 -0.058294 0.197435 0.978581 -0.031900 0.000000 0.000000 0.000000 1.000000
0.996947 0.062558 0.046730 0.000000 -0.051937 0.978131 -0.201401 5.645700 -0.058307 0.198359 0.978394 -0.031900 0.000000 0.000000 0.000000 1.000000
0.996852 0.063973 0.046826 -0.000000 -0.053248 0.977858 -0.202384 5.645700 -0.058736 0.199254 0.978186 -0.031900 0.000000 0.000000 0.000000 1.000000
0.996739 0.065441 0.047214 0.000000 -0.054547 0.977572 -0.203413 5.645700 -0.059466 0.200174 0.977954 -0.031900 0.000000 0.000000 0.000000 1.000000
0.996620 0.066814 0.047796 0.000000 -0.055709 0.977277 -0.204516 5.645700 -0.060374 0.201162 0.977696 -0.031900 0.000000 0.000000 0.000000 1.000000
0.996509 0.067970 0.048473 -0.000000 -0.056633 0.976977 -0.205692 5.645700 -0.061338 0.202229 0.977416 -0.031900 0.000000 0.000000 0.000000 1.000000
0.996417 0.068837 0.049140 0.000000 -0.057270 0.976683 -0.206908 5.645700 -0.062237 0.203352 0.977126 -0.031900 0.000000 0.000000 0.000000 1.000000
0.996353 0.069371 0.049689 0.000000 -0.057604 0.976407 -0.208112 5.645700 -0.062954 0.204491 0.976842 -0.031900 0.000000 0.000000 0.000000 1.000000
0.996325 0.069527 0.050032 -0.000000 -0.057612 0.976165 -0.209243 5.645700 -0.063387 0.205591 0.976583 -0.031900 0.000000 0.000000 0.000000 1.000000
0.996339 0.069251 0.050121 0.000000 -0.057260 0.975973 -0.210232 5.645700 -0.063475 0.206592 0.976366 -0.031900 0.000000 0.000000 0.000000 1.000000
0.996398 0.068507 0.049976 -0.000000 -0.056511 0.975849 -0.211010 5.645700 -0.063225 0.207426 0.976205 -0.031900 0.000000 0.000000 0.000000 1.000000
0.996495 0.067303 0.049684 0.000000 -0.055360 0.975806 -0.211516 5.645700 -0.062718 0.208024 0.976111 -0.031900 0.000000 0.000000 0.000000 1.000000
0.996617 0.065697 0.049373 0.000000 -0.053840 0.975849 -0.211709 5.645700 -0.062089 0.208335 0.976085 -0.031900 0.000000 0.000000 0.000000 1.000000
0.996752 0.063794 0.049155 -0.000000 -0.052029 0.975972 -0.211594 5.645700 -0.061472 0.208349 0.976121 -0.031900 0.000000 0.000000 0.000000 1.000000
0.996885 0.061730 0.049086 -0.000000 -0.050046 0.976156 -0.211220 5.645700 -0.060954 0.208106 0.976205 -0.031900 0.000000 0.000000 0.000000 1.000000
0.997008 0.059653 0.049149 0.000000 -0.048033 0.976373 -0.210685 5.645700 -0.060556 0.207694 0.976318 -0.031900 0.000000 0.000000 0.000000 1.000000
0.997117 0.057688 0.049298 0.000000 -0.046112 0.976590 -0.210107 5.645700 -0.060264 0.207228 0.976435 -0.031900 0.000000 0.000000 0.000000 1.000000
0.997208 0.055918 0.049498 -0.000000 -0.044369 0.976781 -0.209597 5.645700 -0.060069 0.206816 0.976534 -0.031900 0.000000 0.000000 0.000000 1.000000
0.997278 0.054397 0.049770 0.000000 -0.042846 0.976930 -0.209216 5.645700 -0.060003 0.206514 0.976602 -0.031900 0.000000 0.000000 0.000000 1.000000
0.997325 0.053140 0.050185 0.000000 -0.041545 0.977043 -0.208951 5.645700 -0.060137 0.206307 0.976638 -0.031900 0.000000 0.000000 0.000000 1.000000
0.997346 0.052131 0.050817 0.000000 -0.040440 0.977138 -0.208726 5.645700 -0.060536 0.206117 0.976653 -0.031900 0.000000 0.000000 0.000000 1.000000
0.997344 0.051321 0.051675 0.000000 -0.039487 0.977240 -0.208431 5.645700 -0.061195 0.205837 0.976671 -0.031900 0.000000 0.000000 0.000000 1.000000
0.997328 0.050634 0.052666 0.000000 -0.038638 0.977372 -0.207969 5.645700 -0.062005 0.205378 0.976717 -0.031900 0.000000 0.000000 0.000000 1.000000
0.997310 0.049996 0.053608 -0.000000 -0.037863 0.977545 -0.207297 5.645700 -0.062768 0.204710 0.976808 -0.031900 0.000000 0.000000 0.000000 1.000000
0.997305 0.049353 0.054295 0.000000 -0.037147 0.977754 -0.206441 5.645700 -0.063276 0.203868 0.976951 -0.031900 0.000000 0.000000 0.000000 1.000000
0.997321 0.048700 0.054583 -0.000000 -0.036509 0.977978 -0.205491 5.645700 -0.063389 0.202948 0.977136 -0.031900 0.000000 0.000000 0.000000 1.000000
0.997359 0.048084 0.054438 -0.000000 -0.035994 0.978191 -0.204564 5.645700 -0.063087 0.202064 0.977338 -0.031900 0.000000 0.000000 0.000000 1.000000
0.997410 0.047575 0.053952 -0.000000 -0.035645 0.978370 -0.203767 5.645700 -0.062479 0.201316 0.977532 -0.031900 0.000000 0.000000 0.000000 1.000000
0.997461 0.047230 0.053308 0.000000 -0.035474 0.978502 -0.203163 5.645700 -0.061758 0.200756 0.977693 -0.031900 0.000000 0.000000 0.000000 1.000000
0.997499 0.047068 0.052720 0.000000 -0.035459 0.978586 -0.202762 5.645700 -0.061135 0.200386 0.977808 -0.031900 0.000000 0.000000 0.000000 1.000000
0.997518 0.047088 0.052359 -0.000000 -0.035566 0.978631 -0.202525 5.645700 -0.060777 0.200160 0.977876 -0.031900 0.000000 0.000000 0.000000 1.000000
0.997511 0.047268 0.052316 -0.000000 -0.035760 0.978652 -0.202391 5.645700 -0.060766 0.200016 0.977906 -0.031900 0.000000 0.000000 0.000000 1.000000
0.997482 0.047579 0.052583 0.000000 -0.036016 0.978660 -0.202307 5.645700 -0.061086 0.199903 0.977910 -0.031900 0.000000 0.000000 0.000000 1.000000
0.997437 0.047977 0.053075 -0.000000 -0.036312 0.978660 -0.202251 5.645700 -0.061646 0.199805 0.977894 -0.031900 0.000000 0.000000 0.000000 1.000000
0.997385 0.048406 0.053672 -0.000000 -0.036615 0.978654 -0.202228 5.645700 -0.062315 0.199734 0.977867 -0.031900 0.000000 0.000000 0.000000 1.000000
0.997334 0.048803 0.054249 -0.000000 -0.036887 0.978640 -0.202247 5.645700 -0.062961 0.199707 0.977831 -0.031900 0.000000 0.000000 0.000000 1.000000
0.997294 0.049117 0.054708 0.000000 -0.037100 0.978621 -0.202296 5.645700 -0.063474 0.199719 0.977795 -0.031900 0.000000 0.000000 0.000000 1.000000
