<?xml version="1.0" encoding="utf-8"?>
<COLLADA xmlns="http://www.collada.org/2005/11/COLLADASchema" version="1.4.1">
  <asset>
    <contributor>
      <author>Mixamo</author>
      <authoring_tool>COLLADA Mixamo exporter</authoring_tool>
      <comments/>
    </contributor>
    <created>2025-05-27T14:00:58Z</created>
    <modified>2025-05-27T14:00:58Z</modified>
    <revision/>
    <title/>
    <unit meter="0.010000"/>
    <up_axis>Y_UP</up_axis>
  </asset>
  <library_animations>
    <animation id="mixamorig_Hips-anim" name="mixamorig_Hips">
      <source id="mixamorig_Hips-Matrix-animation-input">
        <float_array id="mixamorig_Hips-Matrix-animation-input-array" count="67">

0.000000 0.033333 0.066667 0.100000 0.133333 0.166667 0.200000 0.233333 0.266667 0.300000 0.333333 0.366667 0.400000 0.433333 0.466667 0.500000
0.533333 0.566667 0.600000 0.633333 0.666667 0.700000 0.733333 0.766667 0.800000 0.833333 0.866667 0.900000 0.933333 0.966667 1.000000 1.033333
1.066667 1.100000 1.133333 1.166667 1.200000 1.233333 1.266667 1.300000 1.333333 1.366667 1.400000 1.433333 1.466667 1.500000 1.533333 1.566667
1.600000 1.633333 1.666667 1.700000 1.733333 1.766667 1.800000 1.833333 1.866667 1.900000 1.933333 1.966667 2.000000 2.033333 2.066667 2.100000
2.133333 2.166667 2.200000</float_array>
        <technique_common>
          <accessor source="#mixamorig_Hips-Matrix-animation-input-array" count="67">
            <param name="TIME" type="float"/>
          </accessor>
        </technique_common>
      </source>
      <source id="mixamorig_Hips-Matrix-animation-output-transform">
        <float_array id="mixamorig_Hips-Matrix-animation-output-transform-array" count="1072">

0.989926 0.043965 -0.134590 -0.304925 -0.042637 0.999009 0.012734 100.957794 0.135016 -0.006867 0.990820 0.324099 0.000000 0.000000 0.000000 1.000000
0.985788 0.040069 -0.163143 -0.386131 -0.039870 0.999195 0.004498 100.963417 0.163192 0.002071 0.986592 0.197450 0.000000 0.000000 0.000000 1.000000
0.979355 0.035552 -0.198997 -0.457059 -0.037094 0.999304 -0.004022 100.973389 0.198716 0.011320 0.979992 0.051452 0.000000 0.000000 0.000000 1.000000
0.969713 0.030489 -0.242338 -0.493489 -0.034738 0.999308 -0.013279 100.977654 0.241766 0.021295 0.970101 -0.111289 0.000000 0.000000 0.000000 1.000000
0.956258 0.024244 -0.291519 -0.466282 -0.032478 0.999198 -0.023439 100.962646 0.290717 0.031881 0.956278 -0.285312 0.000000 0.000000 0.000000 1.000000
0.938323 0.016162 -0.345383 -0.366147 -0.029650 0.998988 -0.033807 100.931396 0.344487 0.041962 0.937853 -0.451420 0.000000 0.000000 0.000000 1.000000
0.915779 0.007171 -0.401620 -0.205283 -0.027205 0.998652 -0.044201 100.895599 0.400761 0.051405 0.914739 -0.564451 0.000000 0.000000 0.000000 1.000000
0.889971 -0.001647 -0.456014 0.012689 -0.026319 0.998141 -0.054971 100.857544 0.455257 0.060925 0.888273 -0.570485 0.000000 0.000000 0.000000 1.000000
0.863115 -0.010445 -0.504900 0.302172 -0.026393 0.997487 -0.065753 100.814369 0.504317 0.070078 0.860670 -0.442118 0.000000 0.000000 0.000000 1.000000
0.836924 -0.018889 -0.546993 0.689473 -0.026817 0.996789 -0.075453 100.769043 0.546661 0.077817 0.833730 -0.179566 0.000000 0.000000 0.000000 1.000000
0.810902 -0.026007 -0.584603 1.204136 -0.027812 0.996170 -0.082895 100.713516 0.584520 0.083479 0.807073 0.210935 0.000000 0.000000 0.000000 1.000000
0.781650 -0.032867 -0.622851 1.831050 -0.028532 0.995681 -0.088347 100.618111 0.623065 0.086828 0.777336 0.706072 0.000000 0.000000 0.000000 1.000000
0.746737 -0.041064 -0.663851 2.531663 -0.027167 0.995376 -0.092130 100.452530 0.664565 0.086832 0.742168 1.257943 0.000000 0.000000 0.000000 1.000000
0.709047 -0.048998 -0.703457 3.327277 -0.023122 0.995431 -0.092640 100.200653 0.704782 0.081951 0.704674 1.845947 0.000000 0.000000 0.000000 1.000000
0.675716 -0.053042 -0.735252 4.247801 -0.018865 0.995837 -0.089179 99.853729 0.736921 0.074130 0.671902 2.527723 0.000000 0.000000 0.000000 1.000000
0.654766 -0.050623 -0.754134 5.238859 -0.018654 0.996368 -0.083080 99.426193 0.755601 0.068466 0.651444 3.382030 0.000000 0.000000 0.000000 1.000000
0.655046 -0.040926 -0.754480 6.206404 -0.025159 0.996797 -0.075914 99.021988 0.755170 0.068709 0.651919 4.396781 0.000000 0.000000 0.000000 1.000000
0.685406 -0.022767 -0.727806 7.076786 -0.039395 0.996888 -0.068283 98.812042 0.727095 0.075473 0.682376 5.463737 0.000000 0.000000 0.000000 1.000000
0.743670 0.004976 -0.668529 7.779803 -0.060016 0.996432 -0.059344 98.883980 0.665848 0.084255 0.741315 6.441171 0.000000 0.000000 0.000000 1.000000
0.812840 0.037980 -0.581248 8.273699 -0.081582 0.995459 -0.049041 99.225739 0.576746 0.087282 0.812248 7.215692 0.000000 0.000000 0.000000 1.000000
0.878252 0.070040 -0.473040 8.627612 -0.100652 0.994130 -0.039678 99.819565 0.467485 0.082460 0.880147 7.785346 0.000000 0.000000 0.000000 1.000000
0.932982 0.098516 -0.346177 8.919219 -0.117185 0.992549 -0.033365 100.540817 0.340311 0.071695 0.937576 8.129166 0.000000 0.000000 0.000000 1.000000
0.969426 0.118857 -0.214676 9.134750 -0.127909 0.991370 -0.028729 101.209854 0.209409 0.055310 0.976263 8.040885 0.000000 0.000000 0.000000 1.000000
0.986215 0.129320 -0.103227 9.192303 -0.132245 0.990973 -0.021981 101.838219 0.099453 0.035329 0.994415 7.416986 0.000000 0.000000 0.000000 1.000000
0.990034 0.140058 -0.014736 9.064623 -0.140262 0.990017 -0.013902 102.523407 0.012642 0.015831 0.999795 6.567393 0.000000 0.000000 0.000000 1.000000
0.985528 0.154760 0.069163 8.719902 -0.154186 0.987948 -0.013594 103.196991 -0.070433 0.002734 0.997513 5.950686 0.000000 0.000000 0.000000 1.000000
0.973610 0.165854 0.156769 8.183486 -0.163265 0.986146 -0.029342 103.675148 -0.159463 0.002973 0.987199 5.777874 0.000000 0.000000 0.000000 1.000000
0.955745 0.176630 0.235271 7.775136 -0.168214 0.984185 -0.055541 103.737701 -0.241361 0.013507 0.970341 5.965436 0.000000 0.000000 0.000000 1.000000
0.939622 0.191589 0.283558 7.725543 -0.176391 0.981189 -0.078445 103.259552 -0.293253 0.023692 0.955741 6.251059 0.000000 0.000000 0.000000 1.000000
0.933808 0.199077 0.297273 7.883810 -0.180037 0.979497 -0.090405 102.461174 -0.309175 0.030901 0.950503 6.342268 0.000000 0.000000 0.000000 1.000000
0.935384 0.192848 0.296423 7.969220 -0.171485 0.980428 -0.096716 101.759277 -0.309272 0.039635 0.950147 6.248768 0.000000 0.000000 0.000000 1.000000
0.936238 0.182682 0.300143 7.978207 -0.157518 0.981787 -0.106216 101.324471 -0.314080 0.052166 0.947962 6.183434 0.000000 0.000000 0.000000 1.000000
0.934948 0.175614 0.308272 7.998225 -0.145831 0.982329 -0.117320 101.075714 -0.323428 0.064733 0.944036 6.190157 0.000000 0.000000 0.000000 1.000000
0.934641 0.168401 0.313189 8.067459 -0.135856 0.983045 -0.123151 100.949127 -0.328617 0.072553 0.941672 6.144442 0.000000 0.000000 0.000000 1.000000
0.937112 0.158975 0.310721 8.197838 -0.126496 0.984417 -0.122157 100.952606 -0.325299 0.075170 0.942619 6.010499 0.000000 0.000000 0.000000 1.000000
0.943426 0.148630 0.296407 8.324250 -0.119312 0.986202 -0.114765 101.074883 -0.309375 0.072908 0.948141 5.858975 0.000000 0.000000 0.000000 1.000000
0.953529 0.137221 0.268239 8.344365 -0.113899 0.988373 -0.100729 101.239975 -0.278942 0.065495 0.958072 5.718014 0.000000 0.000000 0.000000 1.000000
0.964915 0.124262 0.231298 8.225686 -0.107586 0.990690 -0.083413 101.348663 -0.239510 0.055602 0.969300 5.579066 0.000000 0.000000 0.000000 1.000000
0.975359 0.109550 0.191506 7.974245 -0.098368 0.992893 -0.066983 101.375641 -0.197483 0.046494 0.979203 5.447071 0.000000 0.000000 0.000000 1.000000
0.983975 0.093408 0.151883 7.569062 -0.086249 0.994859 -0.053069 101.373299 -0.156059 0.039118 0.986973 5.325598 0.000000 0.000000 0.000000 1.000000
0.990228 0.078509 0.115257 7.004277 -0.073985 0.996331 -0.043028 101.380753 -0.118212 0.034080 0.992403 5.202619 0.000000 0.000000 0.000000 1.000000
0.994303 0.066943 0.082947 6.309361 -0.064086 0.997271 -0.036643 101.389153 -0.085174 0.031119 0.995880 5.045110 0.000000 0.000000 0.000000 1.000000
0.996935 0.057220 0.053353 5.511058 -0.055600 0.997960 -0.031375 101.381622 -0.055039 0.028312 0.998083 4.801545 0.000000 0.000000 0.000000 1.000000
0.998508 0.048219 0.025630 4.643762 -0.047544 0.998522 -0.026324 101.362350 -0.026861 0.025066 0.999325 4.453993 0.000000 0.000000 0.000000 1.000000
0.999102 0.042360 0.000939 3.764895 -0.042328 0.998851 -0.022478 101.346825 -0.001890 0.022418 0.999747 4.054862 0.000000 0.000000 0.000000 1.000000
0.998953 0.041117 -0.020065 2.923939 -0.041511 0.998945 -0.019625 101.340927 0.019237 0.020437 0.999606 3.657752 0.000000 0.000000 0.000000 1.000000
0.998424 0.041649 -0.037607 2.147384 -0.042302 0.998965 -0.016738 101.333778 0.036870 0.018302 0.999152 3.254870 0.000000 0.000000 0.000000 1.000000
0.997767 0.040827 -0.052866 1.439949 -0.041624 0.999035 -0.014050 101.312431 0.052241 0.016220 0.998503 2.829373 0.000000 0.000000 0.000000 1.000000
0.996974 0.038525 -0.067521 0.817740 -0.039431 0.999149 -0.012128 101.286324 0.066996 0.014754 0.997644 2.410330 0.000000 0.000000 0.000000 1.000000
0.996056 0.036317 -0.080958 0.319224 -0.037259 0.999254 -0.010155 101.276398 0.080529 0.013132 0.996666 2.043494 0.000000 0.000000 0.000000 1.000000
0.995114 0.034990 -0.092330 -0.045593 -0.035805 0.999333 -0.007184 101.287567 0.092017 0.010455 0.995703 1.738427 0.000000 0.000000 0.000000 1.000000
0.993986 0.034161 -0.104039 -0.305762 -0.034717 0.999391 -0.003543 101.294609 0.103855 0.007133 0.994567 1.465791 0.000000 0.000000 0.000000 1.000000
0.992502 0.034052 -0.117389 -0.485172 -0.034295 0.999412 -0.000049 101.284721 0.117319 0.004075 0.993086 1.209340 0.000000 0.000000 0.000000 1.000000
0.991018 0.034798 -0.129125 -0.598426 -0.034738 0.999393 0.002716 101.268112 0.129141 0.001794 0.991625 0.986789 0.000000 0.000000 0.000000 1.000000
0.990028 0.035182 -0.136408 -0.668561 -0.034890 0.999381 0.004531 101.255630 0.136483 0.000274 0.990642 0.812966 0.000000 0.000000 0.000000 1.000000
0.989482 0.034761 -0.140417 -0.710082 -0.034301 0.999395 0.005696 101.245842 0.140530 -0.000820 0.990076 0.679358 0.000000 0.000000 0.000000 1.000000
0.989085 0.034731 -0.143195 -0.721370 -0.034112 0.999395 0.006780 101.233414 0.143344 -0.001821 0.989671 0.574735 0.000000 0.000000 0.000000 1.000000
0.988766 0.035733 -0.145136 -0.708853 -0.034918 0.999357 0.008166 101.215469 0.145335 -0.003006 0.989378 0.496474 0.000000 0.000000 0.000000 1.000000
0.988570 0.037130 -0.146117 -0.687491 -0.036073 0.999300 0.009876 101.190720 0.146382 -0.004493 0.989218 0.439778 0.000000 0.000000 0.000000 1.000000
0.988509 0.038371 -0.146211 -0.659409 -0.037063 0.999245 0.011659 101.159981 0.146548 -0.006106 0.989185 0.394801 0.000000 0.000000 0.000000 1.000000
0.988586 0.039664 -0.145340 -0.619875 -0.038135 0.999184 0.013291 101.125755 0.145749 -0.007597 0.989292 0.357309 0.000000 0.000000 0.000000 1.000000
0.988785 0.041038 -0.143597 -0.570869 -0.039359 0.999120 0.014518 101.090942 0.144066 -0.008704 0.989530 0.329423 0.000000 0.000000 0.000000 1.000000
0.989047 0.041854 -0.141545 -0.515271 -0.040110 0.999080 0.015151 101.058472 0.142049 -0.009307 0.989816 0.312685 0.000000 0.000000 0.000000 1.000000
0.989299 0.042022 -0.139721 -0.456640 -0.040254 0.999070 0.015453 101.030075 0.140240 -0.009663 0.990070 0.308987 0.000000 0.000000 0.000000 1.000000
0.989517 0.042459 -0.138035 -0.403970 -0.040731 0.999053 0.015321 101.004303 0.138555 -0.009538 0.990309 0.315494 0.000000 0.000000 0.000000 1.000000
0.989723 0.043417 -0.136247 -0.357566 -0.041862 0.999022 0.014259 100.979469 0.136733 -0.008409 0.990572 0.322008 0.000000 0.000000 0.000000 1.000000
0.989926 0.043965 -0.134590 -0.304925 -0.042637 0.999009 0.012734 100.957794 0.135016 -0.006867 0.990820 0.324099 0.000000 0.000000 0.000000 1.000000</float_array>
        <technique_common>
          <accessor source="#mixamorig_Hips-Matrix-animation-output-transform-array" count="67" stride="16">
            <param type="float4x4"/>
          </accessor>
        </technique_common>
      </source>
      <source id="mixamorig_Hips-Interpolations">
        <Name_array id="mixamorig_Hips-Interpolations-array" count="67">
 LINEAR LINEAR LINEAR LINEAR LINEAR LINEAR LINEAR LINEAR LINEAR LINEAR LINEAR
LINEAR LINEAR LINEAR LINEAR LINEAR LINEAR LINEAR LINEAR LINEAR LINEAR LINEAR LINEAR
LINEAR LINEAR LINEAR LINEAR LINEAR LINEAR LINEAR LINEAR LINEAR LINEAR LINEAR LINEAR
LINEAR LINEAR LINEAR LINEAR LINEAR LINEAR LINEAR LINEAR LINEAR LINEAR LINEAR LINEAR
LINEAR LINEAR LINEAR LINEAR LINEAR LINEAR LINEAR LINEAR LINEAR LINEAR LINEAR LINEAR
LINEAR LINEAR LINEAR LINEAR LINEAR LINEAR LINEAR LINEAR</Name_array>
        <technique_common>
          <accessor source="#mixamorig_Hips-Interpolations-array" count="67">
            <param type="name"/>
          </accessor>
        </technique_common>
      </source>
      <sampler id="mixamorig_Hips-Matrix-animation-transform">
        <input semantic="INPUT" source="#mixamorig_Hips-Matrix-animation-input"/>
        <input semantic="OUTPUT" source="#mixamorig_Hips-Matrix-animation-output-transform"/>
        <input semantic="INTERPOLATION" source="#mixamorig_Hips-Interpolations"/>
      </sampler>
      <channel source="#mixamorig_Hips-Matrix-animation-transform" target="mixamorig_Hips/matrix"/>
    </animation>
    <animation id="mixamorig_Spine-anim" name="mixamorig_Spine">
      <source id="mixamorig_Spine-Matrix-animation-input">
        <float_array id="mixamorig_Spine-Matrix-animation-input-array" count="67">

0.000000 0.033333 0.066667 0.100000 0.133333 0.166667 0.200000 0.233333 0.266667 0.300000 0.333333 0.366667 0.400000 0.433333 0.466667 0.500000
0.533333 0.566667 0.600000 0.633333 0.666667 0.700000 0.733333 0.766667 0.800000 0.833333 0.866667 0.900000 0.933333 0.966667 1.000000 1.033333
1.066667 1.100000 1.133333 1.166667 1.200000 1.233333 1.266667 1.300000 1.333333 1.366667 1.400000 1.433333 1.466667 1.500000 1.533333 1.566667
1.600000 1.633333 1.666667 1.700000 1.733333 1.766667 1.800000 1.833333 1.866667 1.900000 1.933333 1.966667 2.000000 2.033333 2.066667 2.100000
2.133333 2.166667 2.200000</float_array>
        <technique_common>
          <accessor source="#mixamorig_Spine-Matrix-animation-input-array" count="67">
            <param name="TIME" type="float"/>
          </accessor>
        </technique_common>
      </source>
      <source id="mixamorig_Spine-Matrix-animation-output-transform">
        <float_array id="mixamorig_Spine-Matrix-animation-output-transform-array" count="1072">

0.998344 -0.048606 0.030762 0.000000 0.050255 0.997204 -0.055308 5.645700 -0.027988 0.056762 0.997995 -0.031900 0.000000 0.000000 0.000000 1.000000
0.998045 -0.057829 0.023710 0.000000 0.059013 0.996863 -0.052735 5.645700 -0.020586 0.054031 0.998327 -0.031900 0.000000 0.000000 0.000000 1.000000
0.997515 -0.068232 0.017565 -0.000000 0.069044 0.996321 -0.050759 5.645700 -0.014037 0.051845 0.998556 -0.031900 0.000000 0.000000 0.000000 1.000000
0.996719 -0.080053 0.011913 0.000000 0.080549 0.995516 -0.049590 5.645700 -0.007890 0.050387 0.998699 -0.031900 0.000000 0.000000 0.000000 1.000000
0.995655 -0.092955 0.005553 0.000000 0.093117 0.994422 -0.049547 5.645700 -0.000917 0.049849 0.998756 -0.031900 0.000000 0.000000 0.000000 1.000000
0.994328 -0.106309 -0.003034 0.000000 0.106020 0.993072 -0.050675 5.645700 0.008401 0.050066 0.998711 -0.031900 0.000000 0.000000 0.000000 1.000000
0.992670 -0.119938 -0.014893 0.000000 0.119012 0.991512 -0.052351 5.645700 0.021045 0.050195 0.998518 -0.031900 0.000000 0.000000 0.000000 1.000000
0.990574 -0.133604 -0.030205 0.000000 0.131866 0.989814 -0.053655 5.645700 0.037066 0.049166 0.998103 -0.031900 0.000000 0.000000 0.000000 1.000000
0.988035 -0.146579 -0.047967 -0.000000 0.143955 0.988096 -0.054243 5.645700 0.055347 0.046689 0.997375 -0.031900 0.000000 0.000000 0.000000 1.000000
0.985272 -0.157878 -0.065676 0.000000 0.154438 0.986496 -0.054543 5.645700 0.073400 0.043597 0.996349 -0.031900 0.000000 0.000000 0.000000 1.000000
0.982807 -0.166400 -0.080011 0.000000 0.162322 0.985200 -0.055070 5.645700 0.087990 0.041136 0.995272 -0.031900 0.000000 0.000000 0.000000 1.000000
0.981288 -0.170801 -0.088893 0.000000 0.166274 0.984482 -0.056105 5.645700 0.097096 0.040274 0.994460 -0.031900 0.000000 0.000000 0.000000 1.000000
0.980989 -0.170285 -0.093080 -0.000000 0.165361 0.984507 -0.058332 5.645700 0.101571 0.041831 0.993948 -0.031900 0.000000 0.000000 0.000000 1.000000
0.981470 -0.166156 -0.095438 0.000000 0.160639 0.985007 -0.062894 5.645700 0.104457 0.046398 0.993447 -0.031900 0.000000 0.000000 0.000000 1.000000
0.981774 -0.162145 -0.099141 -0.000000 0.155706 0.985348 -0.069607 5.645700 0.108975 0.052901 0.992636 -0.031900 0.000000 0.000000 0.000000 1.000000
0.980825 -0.162601 -0.107439 0.000000 0.155017 0.985017 -0.075577 5.645700 0.118118 0.057473 0.991335 -0.031900 0.000000 0.000000 0.000000 1.000000
0.977747 -0.169245 -0.123965 -0.000000 0.160562 0.984015 -0.077039 5.645700 0.135022 0.055420 0.989291 -0.031900 0.000000 0.000000 0.000000 1.000000
0.972603 -0.178430 -0.149019 0.000000 0.169210 0.982909 -0.072517 5.645700 0.159411 0.045315 0.986172 -0.031900 0.000000 0.000000 0.000000 1.000000
0.967922 -0.181820 -0.173404 -0.000000 0.173541 0.982880 -0.061898 5.645700 0.181690 0.029819 0.982904 -0.031900 0.000000 0.000000 0.000000 1.000000
0.968923 -0.170548 -0.179169 0.000000 0.165540 0.985280 -0.042654 5.645700 0.183806 0.011669 0.982893 -0.031900 0.000000 0.000000 0.000000 1.000000
0.978663 -0.140713 -0.149729 0.000000 0.140308 0.990018 -0.013317 5.645700 0.150108 -0.007975 0.988637 -0.031900 0.000000 0.000000 0.000000 1.000000
0.992027 -0.095387 -0.082366 0.000000 0.097076 0.995136 0.016742 5.645700 0.080368 -0.024605 0.996462 -0.031900 0.000000 0.000000 0.000000 1.000000
0.999064 -0.043015 0.004597 -0.000000 0.042866 0.998668 0.028701 5.645700 -0.005825 -0.028477 0.999577 -0.031900 0.000000 0.000000 0.000000 1.000000
0.996766 0.007179 0.080043 0.000000 -0.008233 0.999884 0.012845 5.645700 -0.079941 -0.013463 0.996709 -0.031900 0.000000 0.000000 0.000000 1.000000
0.991162 0.048721 0.123390 0.000000 -0.046559 0.998708 -0.020348 5.645700 -0.124222 0.014423 0.992150 -0.031900 0.000000 0.000000 0.000000 1.000000
0.987131 0.080076 0.138420 -0.000000 -0.073386 0.995906 -0.052790 5.645700 -0.142080 0.041952 0.988966 -0.031900 0.000000 0.000000 0.000000 1.000000
0.984741 0.100705 0.141931 -0.000000 -0.090747 0.993047 -0.074985 5.645700 -0.148496 0.060961 0.987032 -0.031900 0.000000 0.000000 0.000000 1.000000
0.983344 0.106960 0.146947 0.000000 -0.094647 0.991579 -0.088393 5.645700 -0.155164 0.073013 0.985187 -0.031900 0.000000 0.000000 0.000000 1.000000
0.981875 0.101146 0.160285 -0.000000 -0.085902 0.991337 -0.099355 5.645700 -0.168946 0.083785 0.982058 -0.031900 0.000000 0.000000 0.000000 1.000000
0.977931 0.097642 0.184706 0.000000 -0.077571 0.990568 -0.112950 5.645700 -0.193993 0.096129 0.976282 -0.031900 0.000000 0.000000 0.000000 1.000000
0.970668 0.106570 0.215512 0.000000 -0.079857 0.988412 -0.129089 5.645700 -0.226772 0.108093 0.967931 -0.031900 0.000000 0.000000 0.000000 1.000000
0.962905 0.122192 0.240590 0.000000 -0.089420 0.985712 -0.142746 5.645700 -0.254595 0.115937 0.960073 -0.031900 0.000000 0.000000 0.000000 1.000000
0.959062 0.132149 0.250472 0.000000 -0.096767 0.984136 -0.148704 5.645700 -0.266150 0.118379 0.956635 -0.031900 0.000000 0.000000 0.000000 1.000000
0.960225 0.131429 0.246361 0.000000 -0.097023 0.984369 -0.146982 5.645700 -0.261828 0.117233 0.957968 -0.031900 0.000000 0.000000 0.000000 1.000000
0.963609 0.123206 0.237230 0.000000 -0.091170 0.985716 -0.141608 5.645700 -0.251288 0.114827 0.961077 -0.031900 0.000000 0.000000 0.000000 1.000000
0.966505 0.112091 0.230876 0.000000 -0.082067 0.987332 -0.135796 5.645700 -0.243173 0.112300 0.963460 -0.031900 0.000000 0.000000 0.000000 1.000000
0.968506 0.100523 0.227795 0.000000 -0.071984 0.988856 -0.130316 5.645700 -0.238356 0.109814 0.964949 -0.031900 0.000000 0.000000 0.000000 1.000000
0.970771 0.089386 0.222741 -0.000000 -0.062592 0.990232 -0.124587 5.645700 -0.231702 0.107004 0.966884 -0.031900 0.000000 0.000000 0.000000 1.000000
0.974183 0.079304 0.211372 -0.000000 -0.055157 0.991506 -0.117790 5.645700 -0.218918 0.103090 0.970282 -0.031900 0.000000 0.000000 0.000000 1.000000
0.978342 0.070633 0.194573 0.000000 -0.049924 0.992748 -0.109356 5.645700 -0.200886 0.097274 0.974773 -0.031900 0.000000 0.000000 0.000000 1.000000
0.982269 0.062779 0.176654 0.000000 -0.045638 0.993993 -0.099478 5.645700 -0.181838 0.089652 0.979233 -0.031900 0.000000 0.000000 0.000000 1.000000
0.985451 0.054952 0.160828 -0.000000 -0.040868 0.995138 -0.089611 5.645700 -0.164970 0.081735 0.982906 -0.031900 0.000000 0.000000 0.000000 1.000000
0.987994 0.047198 0.147107 -0.000000 -0.035428 0.996033 -0.081632 5.645700 -0.150377 0.075440 0.985746 -0.031900 0.000000 0.000000 0.000000 1.000000
0.990251 0.039327 0.133625 0.000000 -0.029322 0.996674 -0.076032 5.645700 -0.136171 0.071373 0.988111 -0.031900 0.000000 0.000000 0.000000 1.000000
0.992435 0.029844 0.119086 0.000000 -0.021382 0.997196 -0.071717 5.645700 -0.120892 0.068628 0.990290 -0.031900 0.000000 0.000000 0.000000 1.000000
0.994421 0.017805 0.103974 0.000000 -0.010783 0.997646 -0.067717 5.645700 -0.104935 0.066218 0.992272 -0.031900 0.000000 0.000000 0.000000 1.000000
0.995953 0.004905 0.089742 -0.000000 0.000863 0.997942 -0.064120 5.645700 -0.089872 0.063938 0.993899 -0.031900 0.000000 0.000000 0.000000 1.000000
0.997001 -0.006041 0.077147 0.000000 0.010787 0.998064 -0.061251 5.645700 -0.076628 0.061900 0.995136 -0.031900 0.000000 0.000000 0.000000 1.000000
0.997744 -0.014056 0.065646 0.000000 0.017942 0.998097 -0.058988 5.645700 -0.064692 0.060033 0.996098 -0.031900 0.000000 0.000000 0.000000 1.000000
0.998301 -0.020305 0.054622 0.000000 0.023428 0.998090 -0.057167 5.645700 -0.053357 0.058349 0.996869 -0.031900 0.000000 0.000000 0.000000 1.000000
0.998649 -0.026031 0.044965 0.000000 0.028537 0.998022 -0.056023 5.645700 -0.043418 0.057230 0.997416 -0.031900 0.000000 0.000000 0.000000 1.000000
0.998768 -0.031482 0.038359 -0.000000 0.033599 0.997873 -0.055861 5.645700 -0.036519 0.057082 0.997701 -0.031900 0.000000 0.000000 0.000000 1.000000
0.998722 -0.036482 0.034990 0.000000 0.038421 0.997666 -0.056441 5.645700 -0.032850 0.057714 0.997793 -0.031900 0.000000 0.000000 0.000000 1.000000
0.998623 -0.040734 0.033060 0.000000 0.042574 0.997467 -0.056979 5.645700 -0.030655 0.058308 0.997828 -0.031900 0.000000 0.000000 0.000000 1.000000
0.998558 -0.043840 0.030969 0.000000 0.045549 0.997344 -0.056830 5.645700 -0.028396 0.058159 0.997903 -0.031900 0.000000 0.000000 0.000000 1.000000
0.998533 -0.045841 0.028836 0.000000 0.047402 0.997303 -0.056036 5.645700 -0.026189 0.057321 0.998012 -0.031900 0.000000 0.000000 0.000000 1.000000
0.998500 -0.047333 0.027537 0.000000 0.048798 0.997282 -0.055199 5.645700 -0.024850 0.056460 0.998096 -0.031900 0.000000 0.000000 0.000000 1.000000
0.998441 -0.048668 0.027346 0.000000 0.050114 0.997231 -0.054945 5.645700 -0.024596 0.056230 0.998115 -0.031900 0.000000 0.000000 0.000000 1.000000
0.998380 -0.049620 0.027860 0.000000 0.051107 0.997150 -0.055500 5.645700 -0.025027 0.056834 0.998070 -0.031900 0.000000 0.000000 0.000000 1.000000
0.998339 -0.050036 0.028561 -0.000000 0.051591 0.997063 -0.056603 5.645700 -0.025645 0.057982 0.997988 -0.031900 0.000000 0.000000 0.000000 1.000000
0.998317 -0.050177 0.029070 0.000000 0.051792 0.996987 -0.057738 5.645700 -0.026085 0.059147 0.997908 -0.031900 0.000000 0.000000 0.000000 1.000000
0.998311 -0.050211 0.029231 -0.000000 0.051855 0.996940 -0.058497 5.645700 -0.026205 0.059914 0.997859 -0.031900 0.000000 0.000000 0.000000 1.000000
0.998324 -0.049948 0.029215 -0.000000 0.051598 0.996938 -0.058754 5.645700 -0.026191 0.060163 0.997845 -0.031900 0.000000 0.000000 0.000000 1.000000
0.998350 -0.049352 0.029354 0.000000 0.051005 0.996981 -0.058536 5.645700 -0.026377 0.059937 0.997854 -0.031900 0.000000 0.000000 0.000000 1.000000
0.998364 -0.048816 0.029777 0.000000 0.050477 0.997049 -0.057839 5.645700 -0.026865 0.059247 0.997882 -0.031900 0.000000 0.000000 0.000000 1.000000
0.998357 -0.048626 0.030317 0.000000 0.050288 0.997124 -0.056700 5.645700 -0.027472 0.058131 0.997931 -0.031900 0.000000 0.000000 0.000000 1.000000
0.998344 -0.048606 0.030762 0.000000 0.050255 0.997204 -0.055308 5.645700 -0.027988 0.056762 0.997995 -0.031900 0.000000 0.000000 0.000000 1.000000</float_array>
        <technique_common>
          <accessor source="#mixamorig_Spine-Matrix-animation-output-transform-array" count="67" stride="16">
            <param type="float4x4"/>
          </accessor>
        </technique_common>
      </source>
      <source id="mixamorig_Spine-Interpolations">
        <Name_array id="mixamorig_Spine-Interpolations-array" count="67">
 LINEAR LINEAR LINEAR LINEAR LINEAR LINEAR LINEAR LINEAR LINEAR LINEAR LINEAR
LINEAR LINEAR LINEAR LINEAR LINEAR LINEAR LINEAR LINEAR LINEAR LINEAR LINEAR LINEAR
LINEAR LINEAR LINEAR LINEAR LINEAR LINEAR LINEAR LINEAR LINEAR LINEAR LINEAR LINEAR
LINEAR LINEAR LINEAR LINEAR LINEAR LINEAR LINEAR LINEAR LINEAR LINEAR LINEAR LINEAR
LINEAR LINEAR LINEAR LINEAR LINEAR LINEAR LINEAR LINEAR LINEAR LINEAR LINEAR LINEAR
LINEAR LINEAR LINEAR LINEAR LINEAR LINEAR LINEAR LINEAR</Name_array>
        <technique_common>
          <accessor source="#mixamorig_Spine-Interpolations-array" count="67">
            <param type="name"/>
          </accessor>
        </technique_common>
      </source>
      <sampler id="mixamorig_Spine-Matrix-animation-transform">
        <input semantic="INPUT" source="#mixamorig_Spine-Matrix-animation-input"/>
        <input semantic="OUTPUT" source="#mixamorig_Spine-Matrix-animation-output-transform"/>
        <input semantic="INTERPOLATION" source="#mixamorig_Spine-Interpolations"/>
      </sampler>
      <channel source="#mixamorig_Spine-Matrix-animation-transform" target="mixamorig_Spine/matrix"/>
    </animation>
    <animation id="mixamorig_Spine1-anim" name="mixamorig_Spine1">
      <source id="mixamorig_Spine1-Matrix-animation-input">
        <float_array id="mixamorig_Spine1-Matrix-animation-input-array" count="67">

0.000000 0.033333 0.066667 0.100000 0.133333 0.166667 0.200000 0.233333 0.266667 0.300000 0.333333 0.366667 0.400000 0.433333 0.466667 0.500000
0.533333 0.566667 0.600000 0.633333 0.666667 0.700000 0.733333 0.766667 0.800000 0.833333 0.866667 0.900000 0.933333 0.966667 1.000000 1.033333
1.066667 1.100000 1.133333 1.166667 1.200000 1.233333 1.266667 1.300000 1.333333 1.366667 1.400000 1.433333 1.466667 1.500000 1.533333 1.566667
1.600000 1.633333 1.666667 1.700000 1.733333 1.766667 1.800000 1.833333 1.866667 1.900000 1.933333 1.966667 2.000000 2.033333 2.066667 2.100000
2.133333 2.166667 2.200000</float_array>
        <technique_common>
          <accessor source="#mixamorig_Spine1-Matrix-animation-input-array" count="67">
            <param name="TIME" type="float"/>
          </accessor>
        </technique_common>
      </source>
      <source id="mixamorig_Spine1-Matrix-animation-output-transform">
        <float_array id="mixamorig_Spine1-Matrix-animation-output-transform-array" count="1072">

0.999779 -0.018126 0.010656 -0.000000 0.018296 0.999703 -0.016092 6.586800 -0.010361 0.016283 0.999814 0.000000 0.000000 0.000000 0.000000 1.000000
0.999744 -0.021070 0.008196 0.000000 0.021192 0.999663 -0.015020 6.586800 -0.007877 0.015190 0.999854 -0.000000 0.000000 0.000000 0.000000 1.000000
0.999683 -0.024436 0.006032 0.000000 0.024520 0.999599 -0.014174 6.586800 -0.005683 0.014317 0.999881 0.000000 0.000000 0.000000 0.000000 1.000000
0.999592 -0.028278 0.004007 0.000000 0.028331 0.999504 -0.013742 6.586800 -0.003616 0.013850 0.999898 0.000000 0.000000 0.000000 0.000000 1.000000
0.999470 -0.032494 0.001703 0.000000 0.032515 0.999375 -0.013884 6.586800 -0.001251 0.013932 0.999902 0.000000 0.000000 0.000000 0.000000 1.000000
0.999318 -0.036913 -0.001389 0.000000 0.036889 0.999214 -0.014502 6.586800 0.001923 0.014441 0.999894 -0.000000 0.000000 0.000000 0.000000 1.000000
0.999125 -0.041440 -0.005601 0.000000 0.041351 0.999030 -0.015164 6.586800 0.006224 0.014919 0.999869 -0.000000 0.000000 0.000000 0.000000 1.000000
0.998883 -0.045955 -0.010979 -0.000000 0.045783 0.998833 -0.015409 6.586800 0.011675 0.014889 0.999821 0.000000 0.000000 0.000000 0.000000 1.000000
0.998592 -0.050177 -0.017186 0.000000 0.049918 0.998638 -0.015167 6.586800 0.017924 0.014288 0.999737 -0.000000 0.000000 0.000000 0.000000 1.000000
0.998280 -0.053769 -0.023378 0.000000 0.053432 0.998462 -0.014786 6.586800 0.024138 0.013512 0.999617 0.000000 0.000000 0.000000 0.000000 1.000000
0.998002 -0.056435 -0.028414 -0.000000 0.056036 0.998321 -0.014667 6.586800 0.029194 0.013046 0.999489 0.000000 0.000000 0.000000 0.000000 1.000000
0.997828 -0.057822 -0.031552 0.000000 0.057371 0.998240 -0.015017 6.586800 0.032365 0.013174 0.999389 -0.000000 0.000000 0.000000 0.000000 1.000000
0.997789 -0.057655 -0.033050 0.000000 0.057151 0.998237 -0.016003 6.586800 0.033914 0.014078 0.999326 0.000000 0.000000 0.000000 0.000000 1.000000
0.997838 -0.056288 -0.033925 0.000000 0.055708 0.998288 -0.017822 6.586800 0.034870 0.015894 0.999265 0.000000 0.000000 0.000000 0.000000 1.000000
0.997862 -0.055019 -0.035276 0.000000 0.054327 0.998317 -0.020279 6.586800 0.036332 0.018319 0.999172 -0.000000 0.000000 0.000000 0.000000 1.000000
0.997726 -0.055558 -0.038170 0.000000 0.054726 0.998248 -0.022516 6.586800 0.039354 0.020376 0.999018 0.000000 0.000000 0.000000 0.000000 1.000000
0.997314 -0.058695 -0.043821 0.000000 0.057702 0.998055 -0.023590 6.586800 0.045120 0.020998 0.998761 0.000000 0.000000 0.000000 0.000000 1.000000
0.996651 -0.062759 -0.052425 0.000000 0.061615 0.997831 -0.023161 6.586800 0.053765 0.019854 0.998356 0.000000 0.000000 0.000000 0.000000 1.000000
0.996114 -0.063553 -0.060974 -0.000000 0.062361 0.997827 -0.021263 6.586800 0.062193 0.017378 0.997913 -0.000000 0.000000 0.000000 0.000000 1.000000
0.996355 -0.057356 -0.063149 0.000000 0.056331 0.998252 -0.017891 6.586800 0.064065 0.014268 0.997844 0.000000 0.000000 0.000000 0.000000 1.000000
0.997601 -0.044730 -0.052834 -0.000000 0.044056 0.998933 -0.013860 6.586800 0.053398 0.011499 0.998507 0.000000 0.000000 0.000000 0.000000 1.000000
0.999127 -0.030150 -0.028921 0.000000 0.029833 0.999491 -0.011325 6.586800 0.029248 0.010452 0.999518 -0.000000 0.000000 0.000000 0.000000 1.000000
0.999847 -0.017359 0.002152 0.000000 0.017383 0.999778 -0.011943 6.586800 -0.001944 0.011979 0.999926 0.000000 0.000000 0.000000 0.000000 1.000000
0.999548 -0.006332 0.029382 -0.000000 0.006779 0.999862 -0.015135 6.586800 -0.029282 0.015327 0.999454 0.000000 0.000000 0.000000 0.000000 1.000000
0.998965 0.004905 0.045210 -0.000000 -0.004047 0.999810 -0.019048 6.586800 -0.045295 0.018845 0.998796 0.000000 0.000000 0.000000 0.000000 1.000000
0.998578 0.016546 0.050687 0.000000 -0.015419 0.999627 -0.022545 6.586800 -0.051041 0.021731 0.998460 -0.000000 0.000000 0.000000 0.000000 1.000000
0.998323 0.025802 0.051814 0.000000 -0.024489 0.999367 -0.025815 6.586800 -0.052447 0.024503 0.998323 0.000000 0.000000 0.000000 0.000000 1.000000
0.998134 0.029844 0.053280 0.000000 -0.028300 0.999164 -0.029509 6.586800 -0.054116 0.027946 0.998144 0.000000 0.000000 0.000000 0.000000 1.000000
0.997903 0.029752 0.057479 0.000000 -0.027833 0.999037 -0.033914 6.586800 -0.058433 0.032243 0.997771 -0.000000 0.000000 0.000000 0.000000 1.000000
0.997390 0.029962 0.065691 -0.000000 -0.027446 0.998867 -0.038872 6.586800 -0.066781 0.036968 0.997083 0.000000 0.000000 0.000000 0.000000 1.000000
0.996506 0.033223 0.076625 0.000000 -0.029936 0.998598 -0.043659 6.586800 -0.077968 0.041213 0.996104 0.000000 0.000000 0.000000 0.000000 1.000000
0.995582 0.037845 0.085931 0.000000 -0.033894 0.998321 -0.046980 6.586800 -0.087565 0.043860 0.995193 0.000000 0.000000 0.000000 0.000000 1.000000
0.995138 0.040363 0.089842 0.000000 -0.036166 0.998199 -0.047861 6.586800 -0.091612 0.044379 0.994805 0.000000 0.000000 0.000000 0.000000 1.000000
0.995296 0.039262 0.088571 0.000000 -0.035235 0.998293 -0.046576 6.586800 -0.090249 0.043236 0.994980 -0.000000 0.000000 0.000000 0.000000 1.000000
0.995714 0.035602 0.085364 0.000000 -0.031906 0.998510 -0.044280 6.586800 -0.086813 0.041366 0.995365 0.000000 0.000000 0.000000 0.000000 1.000000
0.996058 0.031291 0.083008 0.000000 -0.027875 0.998729 -0.041998 6.586800 -0.084216 0.039518 0.995664 -0.000000 0.000000 0.000000 0.000000 1.000000
0.996281 0.027494 0.081660 -0.000000 -0.024279 0.998901 -0.040096 6.586800 -0.082673 0.037964 0.995853 -0.000000 0.000000 0.000000 0.000000 1.000000
0.996535 0.024305 0.079538 0.000000 -0.021307 0.999038 -0.038331 6.586800 -0.080393 0.036503 0.996095 0.000000 0.000000 0.000000 0.000000 1.000000
0.996935 0.021347 0.075261 0.000000 -0.018658 0.999169 -0.036251 6.586800 -0.075973 0.034736 0.996505 0.000000 0.000000 0.000000 0.000000 1.000000
0.997431 0.018379 0.069230 -0.000000 -0.016084 0.999307 -0.033566 6.586800 -0.069799 0.032366 0.997036 0.000000 0.000000 0.000000 0.000000 1.000000
0.997901 0.015454 0.062883 0.000000 -0.013570 0.999449 -0.030286 6.586800 -0.063317 0.029369 0.997561 0.000000 0.000000 0.000000 0.000000 1.000000
0.998279 0.012818 0.057221 -0.000000 -0.011296 0.999576 -0.026837 6.586800 -0.057541 0.026144 0.998001 0.000000 0.000000 0.000000 0.000000 1.000000
0.998579 0.010647 0.052224 0.000000 -0.009409 0.999670 -0.023901 6.586800 -0.052461 0.023375 0.998349 -0.000000 0.000000 0.000000 0.000000 1.000000
0.998843 0.008692 0.047291 -0.000000 -0.007667 0.999732 -0.021823 6.586800 -0.047468 0.021435 0.998643 0.000000 0.000000 0.000000 0.000000 1.000000
0.999098 0.006356 0.041986 0.000000 -0.005505 0.999778 -0.020361 6.586800 -0.042106 0.020111 0.998911 0.000000 0.000000 0.000000 0.000000 1.000000
0.999329 0.003381 0.036463 0.000000 -0.002682 0.999812 -0.019188 6.586800 -0.036521 0.019077 0.999151 0.000000 0.000000 0.000000 0.000000 1.000000
0.999512 0.000222 0.031242 0.000000 0.000350 0.999832 -0.018302 6.586800 -0.031241 0.018304 0.999344 0.000000 0.000000 0.000000 0.000000 1.000000
0.999642 -0.002538 0.026651 -0.000000 0.003012 0.999838 -0.017745 6.586800 -0.026602 0.017819 0.999487 0.000000 0.000000 0.000000 0.000000 1.000000
0.999734 -0.004881 0.022559 0.000000 0.005273 0.999836 -0.017323 6.586800 -0.022471 0.017437 0.999595 0.000000 0.000000 0.000000 0.000000 1.000000
0.999799 -0.007160 0.018752 0.000000 0.007476 0.999830 -0.016834 6.586800 -0.018629 0.016971 0.999682 -0.000000 0.000000 0.000000 0.000000 1.000000
0.999836 -0.009470 0.015463 -0.000000 0.009723 0.999818 -0.016384 6.586800 -0.015305 0.016531 0.999746 0.000000 0.000000 0.000000 0.000000 1.000000
0.999846 -0.011597 0.013207 -0.000000 0.011811 0.999798 -0.016233 6.586800 -0.013016 0.016386 0.999781 0.000000 0.000000 0.000000 0.000000 1.000000
0.999837 -0.013431 0.012040 0.000000 0.013628 0.999772 -0.016416 6.586800 -0.011817 0.016578 0.999793 0.000000 0.000000 0.000000 0.000000 1.000000
0.999823 -0.015009 0.011373 -0.000000 0.015198 0.999746 -0.016660 6.586800 -0.011120 0.016830 0.999797 0.000000 0.000000 0.000000 0.000000 1.000000
0.999811 -0.016275 0.010673 -0.000000 0.016452 0.999725 -0.016687 6.586800 -0.010399 0.016860 0.999804 0.000000 0.000000 0.000000 0.000000 1.000000
0.999803 -0.017151 0.009963 0.000000 0.017314 0.999714 -0.016492 6.586800 -0.009677 0.016662 0.999814 -0.000000 0.000000 0.000000 0.000000 1.000000
0.999797 -0.017747 0.009525 0.000000 0.017901 0.999707 -0.016284 6.586800 -0.009233 0.016452 0.999822 0.000000 0.000000 0.000000 0.000000 1.000000
0.999789 -0.018238 0.009461 0.000000 0.018390 0.999699 -0.016253 6.586800 -0.009162 0.016424 0.999823 0.000000 0.000000 0.000000 0.000000 1.000000
0.999780 -0.018634 0.009649 0.000000 0.018791 0.999688 -0.016437 6.586800 -0.009339 0.016615 0.999818 -0.000000 0.000000 0.000000 0.000000 1.000000
0.999773 -0.018854 0.009903 0.000000 0.019019 0.999679 -0.016749 6.586800 -0.009584 0.016933 0.999811 -0.000000 0.000000 0.000000 0.000000 1.000000
0.999770 -0.018910 0.010080 -0.000000 0.019080 0.999672 -0.017057 6.586800 -0.009754 0.017245 0.999804 0.000000 0.000000 0.000000 0.000000 1.000000
0.999771 -0.018871 0.010129 0.000000 0.019044 0.999670 -0.017257 6.586800 -0.009800 0.017446 0.999800 -0.000000 0.000000 0.000000 0.000000 1.000000
0.999773 -0.018756 0.010124 0.000000 0.018929 0.999671 -0.017302 6.586800 -0.009796 0.017489 0.999799 -0.000000 0.000000 0.000000 0.000000 1.000000
0.999776 -0.018563 0.010179 0.000000 0.018736 0.999677 -0.017186 6.586800 -0.009857 0.017373 0.999800 0.000000 0.000000 0.000000 0.000000 1.000000
0.999778 -0.018354 0.010328 0.000000 0.018528 0.999685 -0.016917 6.586800 -0.010014 0.017105 0.999804 0.000000 0.000000 0.000000 0.000000 1.000000
0.999779 -0.018206 0.010509 0.000000 0.018378 0.999694 -0.016528 6.586800 -0.010205 0.016718 0.999808 0.000000 0.000000 0.000000 0.000000 1.000000
0.999779 -0.018126 0.010656 0.000000 0.018296 0.999703 -0.016092 6.586800 -0.010361 0.016283 0.999814 0.000000 0.000000 0.000000 0.000000 1.000000</float_array>
        <technique_common>
          <accessor source="#mixamorig_Spine1-Matrix-animation-output-transform-array" count="67" stride="16">
            <param type="float4x4"/>
          </accessor>
        </technique_common>
      </source>
      <source id="mixamorig_Spine1-Interpolations">
        <Name_array id="mixamorig_Spine1-Interpolations-array" count="67">
 LINEAR LINEAR LINEAR LINEAR LINEAR LINEAR LINEAR LINEAR LINEAR LINEAR LINEAR
LINEAR LINEAR LINEAR LINEAR LINEAR LINEAR LINEAR LINEAR LINEAR LINEAR LINEAR LINEAR
LINEAR LINEAR LINEAR LINEAR LINEAR LINEAR LINEAR LINEAR LINEAR LINEAR LINEAR LINEAR
LINEAR LINEAR LINEAR LINEAR LINEAR LINEAR LINEAR LINEAR LINEAR LINEAR LINEAR LINEAR
LINEAR LINEAR LINEAR LINEAR LINEAR LINEAR LINEAR LINEAR LINEAR LINEAR LINEAR LINEAR
LINEAR LINEAR LINEAR LINEAR LINEAR LINEAR LINEAR LINEAR</Name_array>
        <technique_common>
          <accessor source="#mixamorig_Spine1-Interpolations-array" count="67">
            <param type="name"/>
          </accessor>
        </technique_common>
      </source>
      <sampler id="mixamorig_Spine1-Matrix-animation-transform">
        <input semantic="INPUT" source="#mixamorig_Spine1-Matrix-animation-input"/>
        <input semantic="OUTPUT" source="#mixamorig_Spine1-Matrix-animation-output-transform"/>
        <input semantic="INTERPOLATION" source="#mixamorig_Spine1-Interpolations"/>
      </sampler>
      <channel source="#mixamorig_Spine1-Matrix-animation-transform" target="mixamorig_Spine1/matrix"/>
    </animation>
    <animation id="mixamorig_Spine2-anim" name="mixamorig_Spine2">
      <source id="mixamorig_Spine2-Matrix-animation-input">
        <float_array id="mixamorig_Spine2-Matrix-animation-input-array" count="67">

0.000000 0.033333 0.066667 0.100000 0.133333 0.166667 0.200000 0.233333 0.266667 0.300000 0.333333 0.366667 0.400000 0.433333 0.466667 0.500000
0.533333 0.566667 0.600000 0.633333 0.666667 0.700000 0.733333 0.766667 0.800000 0.833333 0.866667 0.900000 0.933333 0.966667 1.000000 1.033333
1.066667 1.100000 1.133333 1.166667 1.200000 1.233333 1.266667 1.300000 1.333333 1.366667 1.400000 1.433333 1.466667 1.500000 1.533333 1.566667
1.600000 1.633333 1.666667 1.700000 1.733333 1.766667 1.800000 1.833333 1.866667 1.900000 1.933333 1.966667 2.000000 2.033333 2.066667 2.100000
2.133333 2.166667 2.200000</float_array>
        <technique_common>
          <accessor source="#mixamorig_Spine2-Matrix-animation-input-array" count="67">
            <param name="TIME" type="float"/>
          </accessor>
        </technique_common>
      </source>
      <source id="mixamorig_Spine2-Matrix-animation-output-transform">
        <float_array id="mixamorig_Spine2-Matrix-animation-output-transform-array" count="1072">

0.999778 -0.017993 0.010927 0.000000 0.018167 0.999706 -0.016058 7.527800 -0.010634 0.016253 0.999811 0.000000 0.000000 0.000000 0.000000 1.000000
